         185
         212
         215
         188
         188
         215
         218
         191
         191
         218
         221
         194
         194
         221
         224
         197
         197
         224
         227
         200
         200
         227
         230
         203
         203
         230
         233
         206
         206
         233
         236
         209
         212
         239
         242
         215
         215
         242
         245
         218
         218
         245
         248
         221
         221
         248
         251
         224
         224
         251
         254
         227
         227
         254
         257
         230
         230
         257
         260
         233
         233
         260
         263
         236
         239
         266
         269
         242
         242
         269
         272
         245
         245
         272
         275
         248
         248
         275
         278
         251
         251
         278
         281
         254
         254
         281
         284
         257
         257
         284
         287
         260
         260
         287
         290
         263
         266
         293
         296
         269
         269
         296
         299
         272
         272
         299
         302
         275
         275
         302
         305
         278
         278
         305
         308
         281
         281
         308
         311
         284
         284
         311
         314
         287
         287
         314
         317
         290
         293
         320
         323
         296
         296
         323
         326
         299
         299
         326
         329
         302
         302
         329
         332
         305
         305
         332
         335
         308
         308
         335
         338
         311
         311
         338
         341
         314
         314
         341
         344
         317
         320
         347
         350
         323
         323
         350
         353
         326
         326
         353
         356
         329
         329
         356
         359
         332
         332
         359
         362
         335
         335
         362
         365
         338
         338
         365
         368
         341
         341
         368
         371
         344
         347
         374
         377
         350
         350
         377
         380
         353
         353
         380
         383
         356
         356
         383
         386
         359
         359
         386
         389
         362
         362
         389
         392
         365
         365
         392
         395
         368
         368
         395
         398
         371
         374
         401
         404
         377
         377
         404
         407
         380
         380
         407
         410
         383
         383
         410
         413
         386
         386
         413
         416
         389
         389
         416
         419
         392
         392
         419
         422
         395
         395
         422
         425
         398
         442
         443
         467
         466
         443
         444
         468
         467
         444
         445
         469
         468
         445
         446
         470
         469
         446
         447
         471
         470
         447
         448
         472
         471
         448
         449
         473
         472
         209
         236
         473
         449
         466
         467
         491
         490
         467
         468
         492
         491
         468
         469
         493
         492
         469
         470
         494
         493
         470
         471
         495
         494
         471
         472
         496
         495
         472
         473
         497
         496
         236
         263
         497
         473
         490
         491
         515
         514
         491
         492
         516
         515
         492
         493
         517
         516
         493
         494
         518
         517
         494
         495
         519
         518
         495
         496
         520
         519
         496
         497
         521
         520
         263
         290
         521
         497
         514
         515
         539
         538
         515
         516
         540
         539
         516
         517
         541
         540
         517
         518
         542
         541
         518
         519
         543
         542
         519
         520
         544
         543
         520
         521
         545
         544
         290
         317
         545
         521
         538
         539
         563
         562
         539
         540
         564
         563
         540
         541
         565
         564
         541
         542
         566
         565
         542
         543
         567
         566
         543
         544
         568
         567
         544
         545
         569
         568
         317
         344
         569
         545
         562
         563
         587
         586
         563
         564
         588
         587
         564
         565
         589
         588
         565
         566
         590
         589
         566
         567
         591
         590
         567
         568
         592
         591
         568
         569
         593
         592
         344
         371
         593
         569
         586
         587
         611
         610
         587
         588
         612
         611
         588
         589
         613
         612
         589
         590
         614
         613
         590
         591
         615
         614
         591
         592
         616
         615
         592
         593
         617
         616
         371
         398
         617
         593
         610
         611
         635
         634
         611
         612
         636
         635
         612
         613
         637
         636
         613
         614
         638
         637
         614
         615
         639
         638
         615
         616
         640
         639
         616
         617
         641
         640
         398
         425
         641
         617
         770
         778
         779
         771
         771
         779
         780
         772
         772
         780
         781
         773
         773
         781
         782
         774
         774
         782
         783
         775
         775
         783
         784
         776
         776
         784
         785
         777
         401
         777
         785
         404
         778
         786
         787
         779
         779
         787
         788
         780
         780
         788
         789
         781
         781
         789
         790
         782
         782
         790
         791
         783
         783
         791
         792
         784
         784
         792
         793
         785
         404
         785
         793
         407
         786
         794
         795
         787
         787
         795
         796
         788
         788
         796
         797
         789
         789
         797
         798
         790
         790
         798
         799
         791
         791
         799
         800
         792
         792
         800
         801
         793
         407
         793
         801
         410
         794
         802
         803
         795
         795
         803
         804
         796
         796
         804
         805
         797
         797
         805
         806
         798
         798
         806
         807
         799
         799
         807
         808
         800
         800
         808
         809
         801
         410
         801
         809
         413
         802
         810
         811
         803
         803
         811
         812
         804
         804
         812
         813
         805
         805
         813
         814
         806
         806
         814
         815
         807
         807
         815
         816
         808
         808
         816
         817
         809
         413
         809
         817
         416
         810
         818
         819
         811
         811
         819
         820
         812
         812
         820
         821
         813
         813
         821
         822
         814
         814
         822
         823
         815
         815
         823
         824
         816
         816
         824
         825
         817
         416
         817
         825
         419
         818
         826
         827
         819
         819
         827
         828
         820
         820
         828
         829
         821
         821
         829
         830
         822
         822
         830
         831
         823
         823
         831
         832
         824
         824
         832
         833
         825
         419
         825
         833
         422
         634
         635
         827
         826
         635
         636
         828
         827
         636
         637
         829
         828
         637
         638
         830
         829
         638
         639
         831
         830
         639
         640
         832
         831
         640
         641
         833
         832
         422
         833
         641
         425
