   1.20000000000000     
   1.30000000000000     
   1.40000000000000     
   1.17694239253510     
   1.27232049365560     
   1.37309945795760     
   1.10865543901350     
   1.19752708516880     
   1.29343134551580     
  0.997763375142490     
   1.07835335340130     
   1.16405727099960     
  0.848528137423860     
  0.919238815542510     
  0.989949493661170     
   1.17694239253510     
   1.27232049365560     
   1.37309945795760     
   1.15500154555810     
   1.24609667229050     
   1.34750180315110     
   1.08880110830890     
   1.17397669437170     
   1.27026795969370     
  0.981086521484930     
   1.05875082244130     
   1.14460094173240     
  0.838504040081140     
  0.907175091077220     
  0.978254713427990     
   1.10865543901350     
   1.19752708516880     
   1.29343134551580     
   1.08880110830890     
   1.17397669437170     
   1.27026795969370     
   1.02983065024250     
   1.10991210955260     
   1.20146909194960     
  0.934229071431020     
   1.00783112749960     
   1.08993391666950     
  0.808664806414860     
  0.874470599608220     
  0.943442274150670     
  0.997763375142490     
   1.07835335340130     
   1.16405727099960     
  0.981086521484930     
   1.05875082244130     
   1.14460094173240     
  0.934229071431020     
   1.00783112749960     
   1.08993391666950     
  0.858976562436510     
  0.927389055167300     
   1.00213932284260     
  0.759715583186840     
  0.821859869012400     
  0.886334847051310     
  0.848528137423860     
  0.919238815542510     
  0.989949493661170     
  0.838504040081140     
  0.907175091077220     
  0.978254713427990     
  0.808664806414860     
  0.874470599608220     
  0.943442274150670     
  0.759715583186840     
  0.821859869012400     
  0.886334847051310     
  0.692820323027550     
  0.750555349946510     
  0.808290376865480     
  0.000000000000000E+000
  0.234108104630540     
  0.459220118838110     
  0.666684518512520     
  0.000000000000000E+000
  0.252701443754980     
  0.496031959986030     
  0.720979544411710     
  0.000000000000000E+000
  0.273126122068960     
  0.535756805311130     
  0.777798604931270     
  0.000000000000000E+000
  0.230186261273880     
  0.453940157465900     
  0.660080882965670     
  0.000000000000000E+000
  0.248164410558770     
  0.489571132820940     
  0.712710677190150     
  0.000000000000000E+000
  0.268550638152860     
  0.529596850376880     
  0.770094363459950     
  0.000000000000000E+000
  0.220114697340140     
  0.435573663012940     
  0.635138310047730     
  0.000000000000000E+000
  0.237273013073610     
  0.469609963480810     
  0.685480636435140     
  0.000000000000000E+000
  0.256800480230160     
  0.508169273515100     
  0.740994695055690     
  0.000000000000000E+000
  0.204358668286540     
  0.404741113803440     
  0.592519731816910     
  0.000000000000000E+000
  0.220484682953970     
  0.436758921619210     
  0.639952697022820     
  0.000000000000000E+000
  0.238418446334300     
  0.472197966104010     
  0.691273020453060     
  0.000000000000000E+000
  0.183907448286430     
  0.363486535833220     
  0.534475879087320     
  0.000000000000000E+000
  0.198787136996560     
  0.393065564889350     
  0.578396342477240     
  0.000000000000000E+000
  0.214558689667500     
  0.424067625138760     
  0.623555192268540     
  0.000000000000000E+000
  0.234108104630540     
  0.459220118838110     
  0.666684518512520     
  0.000000000000000E+000
  0.230186261273880     
  0.453940157465900     
  0.660080882965670     
  0.000000000000000E+000
  0.220114697340140     
  0.435573663012940     
  0.635138310047730     
  0.000000000000000E+000
  0.204358668286540     
  0.404741113803440     
  0.592519731816910     
  0.000000000000000E+000
  0.252701443754980     
  0.496031959986030     
  0.720979544411710     
  0.000000000000000E+000
  0.248164410558770     
  0.489571132820940     
  0.712710677190150     
  0.000000000000000E+000
  0.237273013073610     
  0.469609963480810     
  0.685480636435140     
  0.000000000000000E+000
  0.220484682953970     
  0.436758921619210     
  0.639952697022820     
  0.000000000000000E+000
  0.273126122068960     
  0.535756805311130     
  0.777798604931270     
  0.000000000000000E+000
  0.268550638152860     
  0.529596850376880     
  0.770094363459950     
  0.000000000000000E+000
  0.256800480230160     
  0.508169273515100     
  0.740994695055690     
  0.000000000000000E+000
  0.238418446334300     
  0.472197966104010     
  0.691273020453060     
   1.00000000000000     
   1.10000000000000     
   1.20000000000000     
  0.995185179129190     
   1.09311385546810     
   1.19422221495500     
  0.980786376252360     
   1.07616452982980     
   1.17694365150280     
  0.956941475164520     
   1.04929680107000     
   1.14832977019740     
  0.923879532511290     
   1.01275117866650     
   1.10865543901350     
  0.881919413991930     
  0.966862471603600     
   1.05830329679030     
  0.831466491531070     
  0.912056320402120     
  0.997759789837280     
  0.773007524862580     
  0.848843822782620     
  0.927609029835090     
  0.707106781186550     
  0.777817459305200     
  0.848528137423860     
  0.995185179129190     
   1.09311385546810     
   1.19422221495500     
  0.990483821445570     
   1.08639154903650     
   1.18858058573470     
  0.976271826657880     
   1.06971528061000     
   1.17152619198950     
  0.952601909475620     
   1.04314028381330     
   1.14312229137070     
  0.919676034809100     
   1.00687545812300     
   1.10361124177090     
  0.877857559613850     
  0.961295504174220     
   1.05342907153660     
  0.827671473434990     
  0.906941054821770     
  0.993205768121990     
  0.769791253231810     
  0.844505328560950     
  0.923749503878170     
  0.705015213788580     
  0.774810335337360     
  0.846018256546300     
  0.980786376252360     
   1.07616452982980     
   1.17694365150280     
  0.976271826657880     
   1.06971528061000     
   1.17152619198950     
  0.962502370038140     
   1.05360095326340     
   1.15500284404580     
  0.939464326872670     
   1.02780715789260     
   1.12735719224720     
  0.907334346868930     
  0.992514056639510     
   1.08880121624270     
  0.866501693336490     
  0.948118689111130     
   1.03980203200380     
  0.817570236020270     
  0.895236895662020     
  0.981084283224320     
  0.761337304191420     
  0.834682003576000     
  0.913604765029700     
  0.698752756893840     
  0.767423777397890     
  0.838503308272600     
  0.956941475164520     
   1.04929680107000     
   1.14832977019740     
  0.952601909475620     
   1.04314028381330     
   1.14312229137070     
  0.939464326872670     
   1.02780715789260     
   1.12735719224720     
  0.917475999492310     
   1.00324190746730     
   1.10097119939080     
  0.886792901573640     
  0.969601665157510     
   1.06415148188840     
  0.847807222732480     
  0.927283793580480     
   1.01736866727900     
  0.801149880735710     
  0.876928355579810     
  0.961379856882850     
  0.747664453711640     
  0.819391907563340     
  0.897197344453970     
  0.688356322310530     
  0.755696542885440     
  0.826027586772630     
  0.923879532511290     
   1.01275117866650     
   1.10865543901350     
  0.919676034809100     
   1.00687545812300     
   1.10361124177090     
  0.907334346868930     
  0.992514056639510     
   1.08880121624270     
  0.886792901573640     
  0.969601665157510     
   1.06415148188840     
  0.858192208535450     
  0.938278618021280     
   1.02983065024250     
  0.821902070360730     
  0.898918181930880     
  0.986282484432880     
  0.778523963219030     
  0.852128911005400     
  0.934228755862840     
  0.728865040487740     
  0.798728542117270     
  0.874638048585290     
  0.673887338679050     
  0.739693131872410     
  0.808664806414860     
  0.881919413991930     
  0.966862471603600     
   1.05830329679030     
  0.877857559613850     
  0.961295504174220     
   1.05342907153660     
  0.866501693336490     
  0.948118689111130     
   1.03980203200380     
  0.847807222732480     
  0.927283793580480     
   1.01736866727900     
  0.821902070360730     
  0.898918181930880     
  0.986282484432880     
  0.789108849851100     
  0.863347049511040     
  0.946930619821320     
  0.749946893872830     
  0.821095434622680     
  0.899936272647400     
  0.705111279126030     
  0.772867169312400     
  0.846133534951240     
  0.655431471003420     
  0.719503492613010     
  0.786517765204100     
  0.831466491531070     
  0.912056320402120     
  0.997759789837280     
  0.827671473434990     
  0.906941054821770     
  0.993205768121990     
  0.817570236020270     
  0.895236895662020     
  0.981084283224320     
  0.801149880735710     
  0.876928355579810     
  0.961379856882850     
  0.778523963219030     
  0.852128911005400     
  0.934228755862840     
  0.749946893872830     
  0.821095434622680     
  0.899936272647400     
  0.715815528885690     
  0.784229773567630     
  0.858978634662820     
  0.676656132456180     
  0.742065668009510     
  0.811987358947420     
  0.633098091611920     
  0.695242466051960     
  0.759717709934310     
  0.773007524862580     
  0.848843822782620     
  0.927609029835090     
  0.769791253231810     
  0.844505328560950     
  0.923749503878170     
  0.761337304191420     
  0.834682003576000     
  0.913604765029700     
  0.747664453711640     
  0.819391907563340     
  0.897197344453970     
  0.728865040487740     
  0.798728542117270     
  0.874638048585290     
  0.705111279126030     
  0.772867169312400     
  0.846133534951240     
  0.676656132456180     
  0.742065668009500     
  0.811987358947420     
  0.643827969387710     
  0.706659163438780     
  0.772593563265250     
  0.607019511239780     
  0.667048978461230     
  0.728423413487730     
  0.707106781186550     
  0.777817459305200     
  0.848528137423860     
  0.705015213788580     
  0.774810335337360     
  0.846018256546300     
  0.698752756893840     
  0.767423777397890     
  0.838503308272600     
  0.688356322310530     
  0.755696542885440     
  0.826027586772630     
  0.673887338679050     
  0.739693131872410     
  0.808664806414860     
  0.655431471003420     
  0.719503492613010     
  0.786517765204100     
  0.633098091611920     
  0.695242466051960     
  0.759717709934310     
  0.607019511239780     
  0.667048978461230     
  0.728423413487730     
  0.577350269189630     
  0.635085296108590     
  0.692820323027550     
  0.000000000000000E+000
  9.801254634792800E-002
  0.195084812729650     
  0.290280921023000     
  0.382683432365090     
  0.471400198583050     
  0.555574903555780     
  0.634396852534620     
  0.000000000000000E+000
  0.107332591047740     
  0.213677888130970     
  0.318053219221400     
  0.419495273513010     
  0.517067295424280     
  0.609870153028070     
  0.697052616838260     
  0.000000000000000E+000
  0.117615055617510     
  0.234101775275580     
  0.348337105227600     
  0.459220118838110     
  0.565680238299660     
  0.666689884266940     
  0.761276223041540     
  0.000000000000000E+000
  9.731854770438200E-002
  0.194099958220540     
  0.289296301407830     
  0.381834492918040     
  0.470648156297430     
  0.554717757234860     
  0.633110884921820     
  0.000000000000000E+000
  0.106495292538520     
  0.212410783009310     
  0.316653931733210     
  0.418107712870870     
  0.515662898099880     
  0.608258799032950     
  0.694924126487650     
  0.000000000000000E+000
  0.116782257245260     
  0.232919949864650     
  0.347155561689400     
  0.458201391501650     
  0.564777787556910     
  0.665661308681830     
  0.759733061906190     
  0.000000000000000E+000
  9.601315895686199E-002
  0.191819169624620     
  0.286301130792910     
  0.378283113808990     
  0.466581604087190     
  0.550069084416100     
  0.627737907559790     
  0.000000000000000E+000
  0.105021908226850     
  0.209797876867890     
  0.313168589116910     
  0.413916158706090     
  0.510816050607880     
  0.602701329928950     
  0.688527173888950     
  0.000000000000000E+000
  0.115215790748230     
  0.230183003549540     
  0.343561356951490     
  0.453939736570790     
  0.559897924904630     
  0.660082901299330     
  0.753285489071750     
  0.000000000000000E+000
  9.411297495646000E-002
  0.188251005416670     
  0.281280811961630     
  0.371989331224400     
  0.459146408594880     
  0.541581859659940     
  0.618262720208820     
  0.000000000000000E+000
  0.102928266489510     
  0.205846194903330     
  0.307580435198960     
  0.406878157294990     
  0.502470246383540     
  0.593149046595270     
  0.677846270005030     
  0.000000000000000E+000
  0.112935569947750     
  0.225901206500000     
  0.337536974353960     
  0.446387197469280     
  0.550975690313860     
  0.649898231591930     
  0.741915264250580     
  0.000000000000000E+000
  9.164284486984001E-002
  0.183429192875350     
  0.274266817485870     
  0.362978052510790     
  0.448363754951240     
  0.529281667425060     
  0.604725079434990     
  0.000000000000000E+000
  0.100238620430320     
  0.200588308457140     
  0.299919385341290     
  0.397016944768130     
  0.490645299884450     
  0.579626993463750     
  0.662922087581220     
  0.000000000000000E+000
  0.109971413843810     
  0.220115031450420     
  0.329120180983050     
  0.435573663012940     
  0.538036505941490     
  0.635138000910080     
  0.725670095321980     
  0.000000000000000E+000
  8.863643721774800E-002
  0.177415958054570     
  0.265344094633870     
  0.351350152956800     
  0.434342735110580     
  0.513277517744020     
  0.587225738474660     
  0.000000000000000E+000
  9.698621346806099E-002
  0.194085675271500     
  0.290269456865520     
  0.384432583101960     
  0.475449978736680     
  0.562244809099050     
  0.643857514605250     
  0.000000000000000E+000
  0.106363724661300     
  0.212899149665480     
  0.318412913560640     
  0.421620183548160     
  0.521211282132690     
  0.615933021292830     
  0.704670886169590     
  0.000000000000000E+000
  8.513601981693700E-002
  0.170302412030470     
  0.254652621986190     
  0.337285272761020     
  0.417283891552290     
  0.493765191465590     
  0.565928426940790     
  0.000000000000000E+000
  9.321306302511700E-002
  0.186429035921110     
  0.278770343142290     
  0.369304779906540     
  0.457085570599230     
  0.541200087377190     
  0.620819633580640     
  0.000000000000000E+000
  0.102163223780320     
  0.204362894436570     
  0.305583146383430     
  0.404742327313220     
  0.500740669862750     
  0.592518229758710     
  0.679114112328950     
  0.000000000000000E+000
  8.119134092563800E-002
  0.162205513651650     
  0.242382081549070     
  0.321034781693760     
  0.397472031874130     
  0.471021755325340     
  0.541057088408470     
  0.000000000000000E+000
  8.896885188436800E-002
  0.177735391771290     
  0.265612100599690     
  0.351885864503740     
  0.435838704801000     
  0.516772893839480     
  0.594036948171360     
  0.000000000000000E+000
  9.742960911076599E-002
  0.194646616381980     
  0.290858497858890     
  0.385241738032510     
  0.476966438248950     
  0.565226106390410     
  0.649268506090160     
  0.000000000000000E+000
  7.685763887392200E-002
  0.153261767791340     
  0.228760020699100     
  0.302905446527690     
  0.375258808872750     
  0.445391527529070     
  0.512888512201670     
  0.000000000000000E+000
  8.430896000005400E-002
  0.168141734545780     
  0.251023339281360     
  0.332484475583810     
  0.412063945228570     
  0.489311739000130     
  0.563792012088800     
  0.000000000000000E+000
  9.222916664870701E-002
  0.183914121349610     
  0.274512024838920     
  0.363486535833220     
  0.450310570647300     
  0.534469833034880     
  0.615466214642010     
  0.000000000000000E+000
  9.801254634792800E-002
  0.195084812729650     
  0.290280921023000     
  0.382683432365090     
  0.471400198583050     
  0.555574903555780     
  0.634396852534620     
  0.000000000000000E+000
  9.731854770438200E-002
  0.194099958220540     
  0.289296301407830     
  0.381834492918040     
  0.470648156297430     
  0.554717757234860     
  0.633110884921820     
  0.000000000000000E+000
  9.601315895686199E-002
  0.191819169624620     
  0.286301130792910     
  0.378283113808990     
  0.466581604087190     
  0.550069084416100     
  0.627737907559790     
  0.000000000000000E+000
  9.411297495646000E-002
  0.188251005416670     
  0.281280811961630     
  0.371989331224400     
  0.459146408594880     
  0.541581859659940     
  0.618262720208820     
  0.000000000000000E+000
  9.164284486984001E-002
  0.183429192875350     
  0.274266817485870     
  0.362978052510790     
  0.448363754951240     
  0.529281667425060     
  0.604725079434990     
  0.000000000000000E+000
  8.863643721774800E-002
  0.177415958054570     
  0.265344094633870     
  0.351350152956800     
  0.434342735110580     
  0.513277517744020     
  0.587225738474660     
  0.000000000000000E+000
  8.513601981693700E-002
  0.170302412030470     
  0.254652621986190     
  0.337285272761020     
  0.417283891552290     
  0.493765191465590     
  0.565928426940790     
  0.000000000000000E+000
  8.119134092563800E-002
  0.162205513651650     
  0.242382081549070     
  0.321034781693760     
  0.397472031874130     
  0.471021755325340     
  0.541057088408470     
  0.000000000000000E+000
  0.107332591047740     
  0.213677888130970     
  0.318053219221400     
  0.419495273513010     
  0.517067295424280     
  0.609870153028070     
  0.697052616838260     
  0.000000000000000E+000
  0.106495292538520     
  0.212410783009310     
  0.316653931733210     
  0.418107712870870     
  0.515662898099880     
  0.608258799032950     
  0.694924126487650     
  0.000000000000000E+000
  0.105021908226850     
  0.209797876867890     
  0.313168589116910     
  0.413916158706090     
  0.510816050607880     
  0.602701329928950     
  0.688527173888950     
  0.000000000000000E+000
  0.102928266489510     
  0.205846194903330     
  0.307580435198960     
  0.406878157294990     
  0.502470246383540     
  0.593149046595270     
  0.677846270005030     
  0.000000000000000E+000
  0.100238620430320     
  0.200588308457140     
  0.299919385341290     
  0.397016944768130     
  0.490645299884450     
  0.579626993463750     
  0.662922087581220     
  0.000000000000000E+000
  9.698621346806099E-002
  0.194085675271500     
  0.290269456865520     
  0.384432583101960     
  0.475449978736680     
  0.562244809099050     
  0.643857514605250     
  0.000000000000000E+000
  9.321306302511700E-002
  0.186429035921110     
  0.278770343142290     
  0.369304779906540     
  0.457085570599230     
  0.541200087377190     
  0.620819633580640     
  0.000000000000000E+000
  8.896885188436800E-002
  0.177735391771290     
  0.265612100599690     
  0.351885864503740     
  0.435838704801000     
  0.516772893839480     
  0.594036948171360     
  0.000000000000000E+000
  0.117615055617510     
  0.234101775275580     
  0.348337105227600     
  0.459220118838110     
  0.565680238299660     
  0.666689884266940     
  0.761276223041540     
  0.000000000000000E+000
  0.116782257245260     
  0.232919949864650     
  0.347155561689400     
  0.458201391501650     
  0.564777787556910     
  0.665661308681830     
  0.759733061906190     
  0.000000000000000E+000
  0.115215790748230     
  0.230183003549540     
  0.343561356951490     
  0.453939736570790     
  0.559897924904630     
  0.660082901299330     
  0.753285489071750     
  0.000000000000000E+000
  0.112935569947750     
  0.225901206500000     
  0.337536974353960     
  0.446387197469280     
  0.550975690313860     
  0.649898231591930     
  0.741915264250580     
  0.000000000000000E+000
  0.109971413843810     
  0.220115031450420     
  0.329120180983050     
  0.435573663012940     
  0.538036505941490     
  0.635138000910080     
  0.725670095321980     
  0.000000000000000E+000
  0.106363724661300     
  0.212899149665480     
  0.318412913560640     
  0.421620183548160     
  0.521211282132690     
  0.615933021292830     
  0.704670886169590     
  0.000000000000000E+000
  0.102163223780320     
  0.204362894436570     
  0.305583146383430     
  0.404742327313220     
  0.500740669862750     
  0.592518229758710     
  0.679114112328950     
  0.000000000000000E+000
  9.742960911076599E-002
  0.194646616381980     
  0.290858497858890     
  0.385241738032510     
  0.476966438248950     
  0.565226106390410     
  0.649268506090160     
