           4
          29
          34
           9
           9
          34
          39
          14
          14
          39
          44
          19
          19
          44
          49
          24
          29
          54
          59
          34
          34
          59
          64
          39
          39
          64
          69
          44
          44
          69
          74
          49
          54
          79
          84
          59
          59
          84
          89
          64
          64
          89
          94
          69
          69
          94
          99
          74
          79
         104
         109
          84
          84
         109
         114
          89
          89
         114
         119
          94
          94
         119
         124
          99
