  0.000000000000000E+000
  0.000000000000000E+000
  0.000000000000000E+000
  0.000000000000000E+000
  0.000000000000000E+000
  0.000000000000000E+000
  0.000000000000000E+000
  0.000000000000000E+000
  0.000000000000000E+000
  0.000000000000000E+000
  0.000000000000000E+000
  0.000000000000000E+000
  0.000000000000000E+000
  0.000000000000000E+000
  0.000000000000000E+000
  0.000000000000000E+000
  0.000000000000000E+000
  0.000000000000000E+000
  0.000000000000000E+000
  0.000000000000000E+000
  0.000000000000000E+000
  0.000000000000000E+000
  0.000000000000000E+000
  0.000000000000000E+000
  0.000000000000000E+000
  0.250000000000000     
  0.250000000000000     
  0.250000000000000     
  0.250000000000000     
  0.250000000000000     
  0.250000000000000     
  0.250000000000000     
  0.250000000000000     
  0.250000000000000     
  0.270000000000000     
  0.250000000000000     
  0.250000000000000     
  0.250000000000000     
  0.250000000000000     
  0.270000000000000     
  0.250000000000000     
  0.250000000000000     
  0.250000000000000     
  0.250000000000000     
  0.230000000000000     
  0.250000000000000     
  0.250000000000000     
  0.250000000000000     
  0.250000000000000     
  0.250000000000000     
  0.500000000000000     
  0.500000000000000     
  0.500000000000000     
  0.500000000000000     
  0.500000000000000     
  0.500000000000000     
  0.500000000000000     
  0.500000000000000     
  0.500000000000000     
  0.520000000000000     
  0.500000000000000     
  0.500000000000000     
  0.500000000000000     
  0.500000000000000     
  0.510000000000000     
  0.500000000000000     
  0.500000000000000     
  0.500000000000000     
  0.500000000000000     
  0.520000000000000     
  0.500000000000000     
  0.500000000000000     
  0.500000000000000     
  0.500000000000000     
  0.500000000000000     
  0.750000000000000     
  0.750000000000000     
  0.750000000000000     
  0.750000000000000     
  0.750000000000000     
  0.750000000000000     
  0.750000000000000     
  0.750000000000000     
  0.750000000000000     
  0.770000000000000     
  0.750000000000000     
  0.750000000000000     
  0.750000000000000     
  0.750000000000000     
  0.740000000000000     
  0.750000000000000     
  0.750000000000000     
  0.750000000000000     
  0.750000000000000     
  0.770000000000000     
  0.750000000000000     
  0.750000000000000     
  0.750000000000000     
  0.750000000000000     
  0.750000000000000     
   1.00000000000000     
   1.00000000000000     
   1.00000000000000     
   1.00000000000000     
   1.00000000000000     
   1.00000000000000     
   1.00000000000000     
   1.00000000000000     
   1.00000000000000     
   1.00000000000000     
   1.00000000000000     
   1.00000000000000     
   1.00000000000000     
   1.00000000000000     
   1.00000000000000     
   1.00000000000000     
   1.00000000000000     
   1.00000000000000     
   1.00000000000000     
   1.00000000000000     
   1.00000000000000     
   1.00000000000000     
   1.00000000000000     
   1.00000000000000     
   1.00000000000000     
  0.000000000000000E+000
  0.000000000000000E+000
  0.000000000000000E+000
  0.000000000000000E+000
  0.000000000000000E+000
  0.000000000000000E+000
  0.000000000000000E+000
  0.000000000000000E+000
  0.000000000000000E+000
  0.000000000000000E+000
  0.000000000000000E+000
  0.000000000000000E+000
  0.000000000000000E+000
  0.000000000000000E+000
  0.000000000000000E+000
  0.000000000000000E+000
  0.333333343267440     
  0.333333343267440     
  0.333333343267440     
  0.333333343267440     
  0.353333343267440     
  0.333333343267440     
  0.333333343267440     
  0.333333343267440     
  0.393333343267440     
  0.333333343267440     
  0.333333343267440     
  0.333333343267440     
  0.333333343267440     
  0.333333343267440     
  0.333333343267440     
  0.333333343267440     
  0.666666686534880     
  0.666666686534880     
  0.666666686534880     
  0.666666686534880     
  0.666666686534880     
  0.666666686534880     
  0.666666686534880     
  0.666666686534880     
  0.606666686534880     
  0.666666686534880     
  0.666666686534880     
  0.666666686534880     
  0.666666686534880     
  0.666666686534880     
  0.666666686534880     
  0.666666686534880     
   1.00000000000000     
   1.00000000000000     
   1.00000000000000     
   1.00000000000000     
   1.00000000000000     
   1.00000000000000     
   1.00000000000000     
   1.00000000000000     
   1.00000000000000     
   1.00000000000000     
   1.00000000000000     
   1.00000000000000     
   1.00000000000000     
   1.00000000000000     
   1.00000000000000     
   1.00000000000000     
