  0.000000000000000E+000
  0.000000000000000E+000
  0.000000000000000E+000
  0.000000000000000E+000
  0.000000000000000E+000
  0.250000000000000     
  0.250000000000000     
  0.250000000000000     
  0.250000000000000     
  0.250000000000000     
  0.500000000000000     
  0.500000000000000     
  0.500000000000000     
  0.500000000000000     
  0.500000000000000     
  0.750000000000000     
  0.750000000000000     
  0.750000000000000     
  0.750000000000000     
  0.750000000000000     
   1.00000000000000     
   1.00000000000000     
   1.00000000000000     
   1.00000000000000     
   1.00000000000000     
  0.000000000000000E+000
  0.000000000000000E+000
  0.000000000000000E+000
  0.000000000000000E+000
  0.000000000000000E+000
  0.250000000000000     
  0.250000000000000     
  0.250000000000000     
  0.250000000000000     
  0.230000000000000     
  0.500000000000000     
  0.500000000000000     
  0.500000000000000     
  0.500000000000000     
  0.520000000000000     
  0.750000000000000     
  0.750000000000000     
  0.750000000000000     
  0.750000000000000     
  0.770000000000000     
   1.00000000000000     
   1.00000000000000     
   1.00000000000000     
   1.00000000000000     
   1.00000000000000     
  0.000000000000000E+000
  0.000000000000000E+000
  0.000000000000000E+000
  0.000000000000000E+000
  0.000000000000000E+000
  0.250000000000000     
  0.250000000000000     
  0.250000000000000     
  0.250000000000000     
  0.230000000000000     
  0.500000000000000     
  0.500000000000000     
  0.500000000000000     
  0.500000000000000     
  0.480000000000000     
  0.750000000000000     
  0.750000000000000     
  0.750000000000000     
  0.750000000000000     
  0.770000000000000     
   1.00000000000000     
   1.00000000000000     
   1.00000000000000     
   1.00000000000000     
   1.00000000000000     
  0.000000000000000E+000
  0.000000000000000E+000
  0.000000000000000E+000
  0.000000000000000E+000
  0.000000000000000E+000
  0.250000000000000     
  0.250000000000000     
  0.250000000000000     
  0.250000000000000     
  0.230000000000000     
  0.500000000000000     
  0.500000000000000     
  0.500000000000000     
  0.500000000000000     
  0.490000000000000     
  0.750000000000000     
  0.750000000000000     
  0.750000000000000     
  0.750000000000000     
  0.730000000000000     
   1.00000000000000     
   1.00000000000000     
   1.00000000000000     
   1.00000000000000     
   1.00000000000000     
  0.000000000000000E+000
  0.000000000000000E+000
  0.000000000000000E+000
  0.000000000000000E+000
  0.000000000000000E+000
  0.250000000000000     
  0.250000000000000     
  0.250000000000000     
  0.250000000000000     
  0.250000000000000     
  0.500000000000000     
  0.500000000000000     
  0.500000000000000     
  0.500000000000000     
  0.500000000000000     
  0.750000000000000     
  0.750000000000000     
  0.750000000000000     
  0.750000000000000     
  0.750000000000000     
   1.00000000000000     
   1.00000000000000     
   1.00000000000000     
   1.00000000000000     
   1.00000000000000     
  0.000000000000000E+000
  0.000000000000000E+000
  0.000000000000000E+000
  0.000000000000000E+000
  0.333333343267440     
  0.333333343267440     
  0.333333343267440     
  0.333333343267440     
  0.666666686534880     
  0.666666686534880     
  0.666666686534880     
  0.666666686534880     
   1.00000000000000     
   1.00000000000000     
   1.00000000000000     
   1.00000000000000     
  0.000000000000000E+000
  0.000000000000000E+000
  0.000000000000000E+000
  0.000000000000000E+000
  0.343333343267440     
  0.333333343267440     
  0.333333343267440     
  0.333333343267440     
  0.706666686534880     
  0.666666686534880     
  0.666666686534880     
  0.666666686534880     
   1.00000000000000     
   1.00000000000000     
   1.00000000000000     
   1.00000000000000     
  0.000000000000000E+000
  0.000000000000000E+000
  0.000000000000000E+000
  0.000000000000000E+000
  0.333333313465120     
  0.333333313465120     
  0.333333313465120     
  0.333333313465120     
  0.686666626930240     
  0.666666626930240     
  0.666666626930240     
  0.666666626930240     
   1.00000000000000     
   1.00000000000000     
   1.00000000000000     
   1.00000000000000     
  0.000000000000000E+000
  0.000000000000000E+000
  0.000000000000000E+000
  0.000000000000000E+000
  0.333333343267440     
  0.333333343267440     
  0.333333343267440     
  0.333333343267440     
  0.666666686534880     
  0.666666686534880     
  0.666666686534880     
  0.666666686534880     
   1.00000000000000     
   1.00000000000000     
   1.00000000000000     
   1.00000000000000     
