  0.000000000000000E+000
  0.250000000000000     
  0.500000000000000     
  0.750000000000000     
   1.00000000000000     
  0.000000000000000E+000
  0.250000000000000     
  0.500000000000000     
  0.750000000000000     
   1.00000000000000     
  0.000000000000000E+000
  0.250000000000000     
  0.500000000000000     
  0.750000000000000     
   1.00000000000000     
  0.000000000000000E+000
  0.250000000000000     
  0.500000000000000     
  0.750000000000000     
   1.00000000000000     
  0.000000000000000E+000
  0.250000000000000     
  0.500000000000000     
  0.750000000000000     
   1.00000000000000     
  0.000000000000000E+000
  0.250000000000000     
  0.500000000000000     
  0.750000000000000     
   1.00000000000000     
  0.000000000000000E+000
  0.250000000000000     
  0.500000000000000     
  0.750000000000000     
   1.00000000000000     
  0.000000000000000E+000
  0.250000000000000     
  0.500000000000000     
  0.750000000000000     
   1.00000000000000     
  0.000000000000000E+000
  0.250000000000000     
  0.500000000000000     
  0.750000000000000     
   1.00000000000000     
  0.000000000000000E+000
  0.250000000000000     
  0.500000000000000     
  0.750000000000000     
   1.00000000000000     
  0.000000000000000E+000
  0.250000000000000     
  0.500000000000000     
  0.750000000000000     
   1.00000000000000     
  0.000000000000000E+000
  0.250000000000000     
  0.500000000000000     
  0.750000000000000     
   1.00000000000000     
  0.000000000000000E+000
  0.250000000000000     
  0.500000000000000     
  0.750000000000000     
   1.00000000000000     
  0.000000000000000E+000
  0.250000000000000     
  0.500000000000000     
  0.750000000000000     
   1.00000000000000     
  0.000000000000000E+000
  0.250000000000000     
  0.500000000000000     
  0.750000000000000     
   1.00000000000000     
  0.000000000000000E+000
  0.250000000000000     
  0.500000000000000     
  0.750000000000000     
   1.00000000000000     
  0.000000000000000E+000
  0.250000000000000     
  0.500000000000000     
  0.750000000000000     
   1.00000000000000     
  0.000000000000000E+000
  0.250000000000000     
  0.500000000000000     
  0.750000000000000     
   1.00000000000000     
  0.000000000000000E+000
  0.250000000000000     
  0.500000000000000     
  0.750000000000000     
   1.00000000000000     
  0.000000000000000E+000
  0.250000000000000     
  0.500000000000000     
  0.750000000000000     
   1.00000000000000     
  0.000000000000000E+000
  0.250000000000000     
  0.500000000000000     
  0.750000000000000     
   1.00000000000000     
  0.000000000000000E+000
  0.250000000000000     
  0.500000000000000     
  0.750000000000000     
   1.00000000000000     
  0.000000000000000E+000
  0.250000000000000     
  0.500000000000000     
  0.750000000000000     
   1.00000000000000     
  0.000000000000000E+000
  0.250000000000000     
  0.500000000000000     
  0.750000000000000     
   1.00000000000000     
  0.000000000000000E+000
  0.250000000000000     
  0.500000000000000     
  0.750000000000000     
   1.00000000000000     
   1.00000000000000     
   1.33333337306980     
   1.66666674613950     
   2.00000000000000     
   1.00000000000000     
   1.33333337306980     
   1.66666674613950     
   2.00000000000000     
   1.00000000000000     
   1.33333325386050     
   1.66666662693020     
   2.00000000000000     
   1.00000000000000     
   1.33333337306980     
   1.66666674613950     
   2.00000000000000     
   1.00000000000000     
   1.33333337306980     
   1.66666674613950     
   2.00000000000000     
   1.00000000000000     
   1.33333337306980     
   1.66666674613950     
   2.00000000000000     
   1.00000000000000     
   1.33333325386050     
   1.66666674613950     
   2.00000000000000     
   1.00000000000000     
   1.33333337306980     
   1.66666674613950     
   2.00000000000000     
   1.00000000000000     
   1.33333325386050     
   1.66666662693020     
   2.00000000000000     
   1.00000000000000     
   1.33333325386050     
   1.66666662693020     
   2.00000000000000     
   1.00000000000000     
   1.33333325386050     
   1.66666662693020     
   2.00000000000000     
   1.00000000000000     
   1.33333325386050     
   1.66666662693020     
   2.00000000000000     
   1.00000000000000     
   1.33333337306980     
   1.66666674613950     
   2.00000000000000     
   1.00000000000000     
   1.33333337306980     
   1.66666674613950     
   2.00000000000000     
   1.00000000000000     
   1.33333325386050     
   1.66666662693020     
   2.00000000000000     
   1.00000000000000     
   1.33333337306980     
   1.66666674613950     
   2.00000000000000     
