     1
   259  3.502092072972E-06
   255  6.188414972727E-05
   251  4.312470427785E-06
   231  2.078234683652E-04
   227  4.749632499639E-03
   223  1.710097707831E-04
   175  3.031459063766E-05
   203  5.959764012561E-04
    16  3.478366538446E-03
   171  2.880162879085E-04
    19  1.739266620846E-03
   199  8.893480446748E-03
     4  3.478653253002E-03
   195  6.418904611689E-04
     1  6.956973104130E-03
   167  5.416877689162E-06
     4
   179  6.383162093468E-14
   207  4.516453409687E-13
    22  1.739048651408E-03
     7  3.478097724344E-03
   259  5.822278831439E-05
   255  8.230292347169E-05
   251  5.461026314944E-07
   231  3.139663062769E-03
   227  5.148610272408E-03
   223 -3.335776676814E-05
   175  4.629773231196E-04
   203  8.727785458571E-03
    16  1.739266620846E-03
   171  6.175336169520E-04
    19  6.957121112872E-03
   199  1.297396598551E-02
     4  1.391448304162E-02
   195  1.272221021472E-04
     1  3.478653253002E-03
   167  1.198534451626E-06
     7
   263  1.564225958031E-05
   235  8.119837680917E-04
    25  1.739048651399E-03
    10  3.478097724323E-03
   259  1.270036953828E-04
   255  1.564226180379E-05
   231  6.331692494240E-03
   227  8.119837265757E-04
   179  1.199320653122E-04
   207  2.224136179870E-03
    19  1.739048651408E-03
   175  9.932316233166E-04
    22  6.955430809892E-03
   203  1.750523721695E-02
     7  1.391082966731E-02
   199  2.224135882466E-03
     4  3.478097724344E-03
   171  1.199320550955E-04
    10
   267  5.461008814346E-07
   239 -3.335777109859E-05
   183  1.198532048807E-06
   211  1.272218435339E-04
    28  1.739266620812E-03
    13  3.478653252930E-03
   263  8.230288362754E-05
   259  5.822278503235E-05
   235  5.148609162965E-03
   231  3.139663619625E-03
   179  6.175335427487E-04
   207  1.297396543177E-02
    22  1.739048651399E-03
   175  4.629773548029E-04
    25  6.957121112744E-03
   203  8.727786917117E-03
    10  1.391448304136E-02
   199  4.514234766526E-13
     7  3.478097724323E-03
   171  6.380300892083E-14
    13
   267  4.312460559212E-06
   263  6.188411562388E-05
   259  3.502094501846E-06
   239  1.710091881549E-04
   235  4.749631464380E-03
   231  2.078237009223E-04
   183  5.416876029671E-06
   211  6.418896296660E-04
    25  1.739266620812E-03
   179  2.880164256807E-04
    28  3.478366538380E-03
   207  8.893481891558E-03
    13  6.956973103992E-03
   203  5.959770509061E-04
    10  3.478653252930E-03
   175  3.031461813064E-05
    16
   287  4.965688305258E-10
   283  2.084293147810E-08
   279  2.692482260102E-09
    31  3.485968607720E-03
    34  1.742606834598E-03
   259  4.742370751633E-04
   255  7.300397580947E-03
   251  4.319769542930E-04
   231  1.035552912331E-03
   227  1.831191954864E-02
   223  7.111650935588E-04
   175  2.878437675432E-06
   203  2.235066383072E-04
    16  1.392843838827E-02
   171  2.504638711187E-05
    19  6.963630978542E-03
   199  2.384087047316E-03
     4  1.739266620846E-03
   195  4.371917417033E-04
     1  3.478366538446E-03
   167  2.945193933908E-07
    19
    37  1.741741988411E-03
   287  3.001233032682E-08
   283  2.171495621533E-08
   279  1.859381624385E-10
    31  1.742606834598E-03
    34  6.968043885226E-03
   179  3.672335860898E-15
   207  3.434634971845E-14
    22  6.961581298366E-03
     7  1.739048651408E-03
   259  6.670593223584E-03
   255  9.746146440909E-03
   251  5.425324300104E-05
   231  1.487995492731E-02
   227  2.311266869940E-02
   223 -3.458055710543E-05
   175  4.662980578156E-05
   203  3.354150289167E-03
    16  6.963630978542E-03
   171  6.110660487171E-05
    19  2.785009802734E-02
   199  4.622983561354E-03
     4  6.957121112872E-03
   195  1.491011017935E-04
     1  1.739266620846E-03
   167  8.014428726993E-08
    22
   291  1.077943331257E-08
    40  1.741741988369E-03
   287  1.196893364702E-07
   283  1.077943060266E-08
    34  1.741741988411E-03
    37  6.966765704365E-03
   263  1.678257645214E-03
   235  3.775155321478E-03
    25  6.961581298247E-03
    10  1.739048651399E-03
   259  1.344841452188E-02
   255  1.678257667205E-03
   231  2.969030157670E-02
   227  3.775155233555E-03
   179  1.240919839901E-05
   207  8.656850330798E-04
    19  6.961581298366E-03
   175  1.031109676502E-04
    22  2.784457428588E-02
   203  6.746532147568E-03
     7  6.955430809892E-03
   199  8.656849177767E-04
     4  1.739048651408E-03
   171  1.240919763724E-05
    25
   295  1.859373842433E-10
    43  1.742606834471E-03
   291  2.171496345406E-08
   287  3.001234266526E-08
    37  1.741741988369E-03
    40  6.968043884891E-03
   267  5.425308892961E-05
   239 -3.458071468108E-05
   183  8.014413603402E-08
   211  1.491008941602E-04
    28  6.963630978224E-03
    13  1.739266620812E-03
   263  9.746144885467E-03
   259  6.670594262645E-03
   235  2.311266561344E-02
   231  1.487995783142E-02
   179  6.110659421545E-05
   207  4.622984122413E-03
    22  6.961581298247E-03
   175  4.662980647228E-05
    25  2.785009802643E-02
   203  3.354150953677E-03
    10  6.957121112744E-03
   199  3.432441078235E-14
     7  1.739048651399E-03
   171  3.670331689487E-15
    28
   295  2.692472940010E-09
   291  2.084289715412E-08
   287  4.965698917283E-10
    40  1.742606834471E-03
    43  3.485968607424E-03
   267  4.319761413961E-04
   263  7.300397237600E-03
   259  4.742375654602E-04
   239  7.111632465464E-04
   235  1.831191982455E-02
   231  1.035554074928E-03
   183  2.945193184873E-07
   211  4.371914907011E-04
    25  6.963630978224E-03
   179  2.504639788123E-05
    28  1.392843838756E-02
   207  2.384088099921E-03
    13  3.478366538380E-03
   203  2.235068965821E-04
    10  1.739266620812E-03
   175  2.878440045497E-06
    31
    46  3.484967017528E-03
    49  1.742034094221E-03
   287  2.638092368865E-04
   283  4.109117976437E-03
   279  2.463506471337E-04
   231  2.402787252091E-04
   259  1.372174688810E-03
    31  1.394185621963E-02
   227  3.582262790635E-03
    34  6.969274375374E-03
   255  2.022054664815E-02
    19  1.742606834598E-03
   251  1.131787001543E-03
    16  3.485968607720E-03
   223  2.003794342596E-04
    34
    52  1.740879369422E-03
    46  1.742034094221E-03
    49  6.965175514243E-03
    37  6.965242137567E-03
    22  1.741741988411E-03
   287  3.707764159524E-03
   283  5.476713585875E-03
   279  3.136027037590E-05
   231  3.197747209021E-03
   259  1.844633086811E-02
    31  6.969274375374E-03
   227  4.771297261041E-03
    34  2.786642257650E-02
   255  2.690568483441E-02
    19  6.968043885226E-03
   251  1.391222292762E-04
    16  1.742606834598E-03
   223  2.540035792239E-05
    37
    55  1.740879369386E-03
    49  1.740879369422E-03
    52  6.963022675077E-03
   291  9.330817973800E-04
   235  7.849652427558E-04
    40  6.965242137411E-03
   263  4.549182088319E-03
    25  1.741741988369E-03
   287  7.435882816067E-03
   283  9.330817971407E-04
    34  6.965242137567E-03
   231  6.215231102545E-03
    37  2.785957437586E-02
   259  3.649951756097E-02
    22  6.966765704365E-03
   255  4.549182107701E-03
    19  1.741741988411E-03
   227  7.849652329856E-04
    40
    58  1.742034094122E-03
    52  1.740879369386E-03
    55  6.965175513963E-03
   295  3.136018278048E-05
   239  2.540028863315E-05
   267  1.391218311056E-04
    43  6.969274374923E-03
    28  1.742606834471E-03
   291  5.476713041473E-03
   287  3.707764939646E-03
    37  6.965242137411E-03
   235  4.771296828074E-03
    40  2.786642257527E-02
   263  2.690568154576E-02
    25  6.968043884891E-03
   259  1.844633426003E-02
    22  1.741741988369E-03
   231  3.197747855314E-03
    43
    55  1.742034094122E-03
    58  3.484967017301E-03
   295  2.463501977116E-04
   291  4.109118139332E-03
   287  2.638095400180E-04
   239  2.003790841803E-04
   267  1.131784887553E-03
    40  6.969274374923E-03
   235  3.582263100390E-03
    43  1.394185621858E-02
   263  2.022054704521E-02
    28  3.485968607424E-03
   259  1.372176161956E-03
    25  1.742606834471E-03
   231  2.402789904731E-04
    46
   343  5.111286014926E-07
   339  5.833177981650E-06
   335  6.598724000714E-08
   315  2.225630489750E-04
   311  3.725812990437E-03
   307  2.170320537982E-04
    61  3.474985230761E-03
    64  1.737824885533E-03
   259  3.987693525307E-04
   287  1.051646528989E-03
    46  1.391970205805E-02
   255  6.215317871855E-03
    49  6.959616767918E-03
   283  1.794330373029E-02
    34  1.742034094221E-03
   279  1.166828889698E-03
    31  3.484967017528E-03
   251  3.714452936117E-04
    49
   347  2.141269889621E-17
   291  2.899157535386E-15
   319  2.402598024274E-14
    67  1.737772344106E-03
   343  2.886747792351E-06
   339  7.974346731173E-06
   335  1.936129062371E-08
   315  3.128854503020E-03
   311  5.071694013130E-03
   307  3.180200391831E-05
    61  1.737824885533E-03
    64  6.952521404059E-03
    52  6.957303205545E-03
    37  1.740879369422E-03
   259  5.676628608844E-03
   287  1.593656950621E-02
    46  6.959616767918E-03
   255  8.417104553154E-03
    49  2.783519113201E-02
   283  2.414748294505E-02
    34  6.965175514243E-03
   279  1.588970776836E-04
    31  1.742034094221E-03
   251  4.840505020956E-05
    52
    70  1.737772344092E-03
   347  3.573500345890E-07
   343  1.504273810913E-06
   339  3.573504424633E-07
   319  7.850195967922E-04
   315  5.931441177720E-03
   311  7.850195417397E-04
    64  1.737772344106E-03
    67  6.949764375596E-03
   263  1.437465411944E-03
    55  6.957303205438E-03
   291  4.143077998539E-03
    40  1.740879369386E-03
    49  6.957303205545E-03
   259  1.141203689692E-02
    52  2.782557356949E-02
   287  3.253344746002E-02
    37  6.963022675077E-03
   283  4.143077954872E-03
    34  1.740879369422E-03
   255  1.437465445315E-03
    55
   351  1.936122137472E-08
   323  3.180192411229E-05
    73  1.737824885527E-03
   347  7.974333479314E-06
   343  2.886744184651E-06
   339  2.140082738254E-17
   319  5.071693265058E-03
   315  3.128854937548E-03
   311  2.400671861656E-14
   283  2.896195714135E-15
    67  1.737772344092E-03
    70  6.952521403970E-03
   267  4.840491440942E-05
   295  1.588966527543E-04
    58  6.959616767713E-03
    43  1.742034094122E-03
    52  6.957303205438E-03
   263  8.417103336806E-03
    55  2.783519113129E-02
   291  2.414748064195E-02
    40  6.965175513963E-03
   287  1.593657297029E-02
    37  1.740879369386E-03
   259  5.676629633665E-03
    58
   351  6.598708847706E-08
   347  5.833171648362E-06
   343  5.111282626317E-07
   323  2.170317102697E-04
   319  3.725813215783E-03
   315  2.225632812274E-04
    70  1.737824885527E-03
    73  3.474985230778E-03
   267  3.714446160652E-04
   295  1.166826858441E-03
    55  6.959616767713E-03
   263  6.215317926433E-03
    58  1.391970205764E-02
   291  1.794330456002E-02
    43  3.484967017301E-03
   287  1.051647804044E-03
    40  1.742034094122E-03
   259  3.987697937969E-04
    61
   343  1.016382786904E-05
   339  1.152072477900E-04
   335  1.928083004752E-06
   315  5.704857468004E-04
   311  9.341284266672E-03
   307  5.377443494494E-04
   259  1.073596024733E-06
   287  2.382717655227E-04
    61  6.950179744704E-03
   255  1.802823306974E-05
    64  3.475754429026E-03
   283  4.483367724151E-03
    49  1.737824885533E-03
   279  3.199897862471E-04
    46  3.474985230761E-03
   251  1.199663423494E-06
    64
   347  1.794914671671E-15
   291  1.711900659577E-14
   319  3.334169200466E-13
    67  3.475544994980E-03
    52  1.737772344106E-03
   343  7.463153609525E-05
   339  1.673308231454E-04
   335  4.742323399834E-07
   315  8.122553177334E-03
   311  1.273287937128E-02
   307  7.591961990665E-05
   259  1.953240243649E-05
   287  4.088046349635E-03
    61  3.475754429026E-03
   255  2.696729706219E-05
    64  1.390525288142E-02
   283  5.933788671319E-03
    49  6.952521404059E-03
   279  4.238178598618E-05
    46  1.737824885533E-03
   251  1.656722276000E-07
    67
   263  5.452371418835E-06
    70  3.475544994945E-03
    55  1.737772344092E-03
   347  1.207032563626E-05
   343  6.163448313342E-05
   339  1.207033336220E-05
   291  1.116688402039E-03
   319  2.056556045352E-03
   315  1.577928239340E-02
   311  2.056555780943E-03
    64  3.475544994980E-03
   259  4.452271926749E-05
    67  1.389953033165E-02
   287  9.008955891270E-03
    52  6.949764375596E-03
   283  1.116688267469E-03
    49  1.737772344106E-03
   255  5.452372080355E-06
    70
   351  4.742308739253E-07
   323  7.591943101892E-05
   267  1.656717305716E-07
   295  4.238167694810E-05
    73  3.475754429009E-03
    58  1.737824885527E-03
   347  1.673306438255E-04
   343  7.463148255069E-05
   339  1.793944746197E-15
   319  1.273287784876E-02
   315  8.122554157282E-03
   311  3.331973038159E-13
   283  1.710379560964E-14
    67  3.475544994945E-03
   263  2.696728746926E-05
    70  1.390525288123E-02
   291  5.933788722428E-03
    55  6.952521403970E-03
   287  4.088047382345E-03
    52  1.737772344092E-03
   259  1.953240318738E-05
    73
   351  1.928079624005E-06
   347  1.152071841483E-04
   343  1.016382695849E-05
   323  5.377434925103E-04
   319  9.341284683012E-03
   315  5.704863112391E-04
   267  1.199661000637E-06
   295  3.199892330466E-04
    70  3.475754429009E-03
   263  1.802822798137E-05
    73  6.950179744725E-03
   291  4.483367914904E-03
    58  3.474985230778E-03
   287  2.382720785908E-04
    55  1.737824885527E-03
   259  1.073597022913E-06
