   2.30448821542431     
   2.30791796333593     
   2.30769230769231     
   2.30468996539393     
   2.30762126012698     
   2.30769230769231     
   2.30485509992352     
   2.30753775399463     
   2.30769230769231     
   2.30468996540437     
   2.30762126011970     
   2.30769230769231     
   2.30448821543867     
   2.30791796332277     
   2.30769230769231     
   2.55483993558261     
   2.55758938722698     
   2.55769230769231     
   2.55514479510167     
   2.55745529554701     
   2.55769230769231     
   2.55521730129971     
   2.55737496552910     
   2.55769230769231     
   2.55514479510718     
   2.55745529554170     
   2.55769230769231     
   2.55483993559464     
   2.55758938721753     
   2.55769230769231     
   2.80587694744542     
   2.80704968183687     
   2.80769230769231     
   2.80596629774702     
   2.80703436663577     
   2.80769230769231     
   2.80601001785797     
   2.80702840616874     
   2.80769230769231     
   2.80596629774057     
   2.80703436663781     
   2.80769230769231     
   2.80587694743333     
   2.80704968184045     
   2.80769230769231     
   3.05685673056200     
   3.05653946199685     
   3.05769230769231     
   3.05668784965131     
   3.05665133716335     
   3.05769230769231     
   3.05666037726331     
   3.05672680144612     
   3.05769230769231     
   3.05668784963453     
   3.05665133717275     
   3.05769230769231     
   3.05685673053172     
   3.05653946201307     
   3.05769230769231     
   3.30696033561089     
   3.30629908123661     
   3.30769230769231     
   3.30701786531900     
   3.30653194671889     
   3.30769230769231     
   3.30679994059609     
   3.30663156366337     
   3.30769230769231     
   3.30701786529800     
   3.30653194673009     
   3.30769230769231     
   3.30696033558673     
   3.30629908125645     
   3.30769230769231     
  0.000000000000000E+000
 -9.930360782197696E-002
  6.204804329233617E-002
  0.330687484254778     
  0.000000000000000E+000
 -8.904935322830225E-002
  6.544079023276439E-002
  0.341146236533270     
  0.000000000000000E+000
 -0.111404919302328     
  5.991424896965111E-002
  0.387115529109651     
  0.000000000000000E+000
 -0.126048343631764     
  5.932206190560502E-002
  0.412780913716114     
  0.000000000000000E+000
 -0.111404913974397     
  5.991425334456425E-002
  0.387115526772796     
  0.000000000000000E+000
 -8.904934909342833E-002
  6.544079593583085E-002
  0.341146235637753     
  0.000000000000000E+000
 -9.930360406431125E-002
  6.204805110925982E-002
  0.330687495973638     
  0.450000017881390     
  0.335043000197657     
  0.494336921067990     
  0.770679340628971     
  0.450000017881390     
  0.348928665425613     
  0.496928003129184     
  0.777320259645409     
  0.450000017881390     
  0.321149642251284     
  0.489237876143362     
  0.832080583777721     
  0.449999988079070     
  0.304101808224815     
  0.486543745389502     
  0.862637551561292     
  0.450000017881390     
  0.321149647815982     
  0.489237880761005     
  0.832080581106250     
  0.450000047683720     
  0.348928727596123     
  0.496928067224366     
  0.777320287435839     
  0.450000017881390     
  0.335043002770117     
  0.494336928474129     
  0.770679351353406     
  0.900000035762790     
  0.767847753824561     
  0.937284907761323     
   1.21678868032362     
  0.900000035762790     
  0.789181141060078     
  0.930612936663311     
   1.22241737370670     
  0.900000035762790     
  0.749105080340541     
  0.910258820756091     
   1.31688718297703     
  0.899999976158140     
  0.726026087874077     
  0.901789693057980     
   1.36989690575606     
  0.900000035762790     
  0.749105086871389     
  0.910258826923332     
   1.31688718103253     
  0.900000095367430     
  0.789181262606710     
  0.930613060853226     
   1.22241742566579     
  0.900000035762790     
  0.767847753577576     
  0.937284916504449     
   1.21678869005771     
   1.35000002384190     
   1.21332907657770     
   1.38515291194621     
   1.65925078247669     
   1.35000002384190     
   1.23792146795928     
   1.36131853165683     
   1.65205931849460     
   1.35000002384190     
   1.19239605837078     
   1.28558203092320     
   1.87728475728537     
   1.35000002384190     
   1.15418116260042     
   1.26153683395922     
   1.93678772997919     
   1.35000002384190     
   1.19239606725309     
   1.28558204330596     
   1.87728475600726     
   1.35000002384190     
   1.23792147184701     
   1.36131855303740     
   1.65205929043465     
   1.35000002384190     
   1.21332907176395     
   1.38515291637397     
   1.65925079736006     
   1.80000007152560     
   1.68603692216935     
   1.83331854341367     
   2.06519080055903     
   1.80000007152560     
   1.70169307434403     
   1.80694798833855     
   2.05326923103724     
   1.80000007152560     
   1.66552300743586     
   1.64625355197388     
   2.36982276728363     
   1.79999995231630     
   1.62982641289985     
   1.53680473219922     
   2.37682486300450     
   1.80000007152560     
   1.66552301455163     
   1.64625357752315     
   2.36982276063354     
   1.80000007152560     
   1.70169307694021     
   1.80694801588560     
   2.05326919645232     
   1.80000007152560     
   1.68603691847601     
   1.83331854266483     
   2.06519081786724     
   2.25000000000000     
   2.19027769098691     
   2.28286645253605     
   2.40259821055046     
   2.25000000000000     
   2.19211553331237     
   2.27026362775763     
   2.46628772043195     
   2.25000000000000     
   2.14973040641655     
   2.18135291841007     
   2.49171571704941     
   2.25000000000000     
   2.11942730091563     
   2.09368229526246     
   2.48576429731692     
   2.25000000000000     
   2.14973041289321     
   2.18135293770884     
   2.49171573113504     
   2.25000000000000     
   2.19211553869702     
   2.27026363884302     
   2.46628770256894     
   2.25000000000000     
   2.19027768852239     
   2.28286645275019     
   2.40259822319340     
   2.70000004768370     
   2.70784945268047     
   2.74155800220171     
   2.76598344401832     
   2.70000004768370     
   2.71023680856790     
   2.74658114657956     
   2.77517226803946     
   2.70000004768370     
   2.70597881174510     
   2.75336284919873     
   2.80400355393668     
   2.70000004768370     
   2.70127569617115     
   2.76052433283731     
   2.79825918339622     
   2.70000004768370     
   2.70597881298564     
   2.75336284892187     
   2.80400355322170     
   2.70000004768370     
   2.71023680948326     
   2.74658114670144     
   2.77517226398041     
   2.70000004768370     
   2.70784945303440     
   2.74155800437643     
   2.76598344614163     
   3.15000009536740     
   3.22616070087248     
   3.20071449179088     
   3.12569958688752     
   3.15000009536740     
   3.23101170972389     
   3.22051775133094     
   3.09613876676813     
   3.15000009536740     
   3.27253528450026     
   3.31120599840660     
   3.09855269778662     
   3.15000009536740     
   3.30123422993523     
   3.40026659925921     
   3.10542756664688     
   3.15000009536740     
   3.27253527799523     
   3.31120597897645     
   3.09855269086099     
   3.15000009536740     
   3.23101170366628     
   3.22051774466201     
   3.09613877851787     
   3.15000009536740     
   3.22616070500647     
   3.20071449381706     
   3.12569957632843     
   3.60000038146970     
   3.73086912000014     
   3.65267192517083     
   3.47822907276938     
   3.60000038146970     
   3.72439095530446     
   3.68474415469038     
   3.50220797859069     
   3.60000038146970     
   3.76623235080317     
   3.85828673226086     
   3.26472279052606     
   3.60000038146970     
   3.80485791424432     
   3.98087426227091     
   3.29675880420003     
   3.60000038146970     
   3.76623234331897     
   3.85828670148922     
   3.26472281359786     
   3.60000038146970     
   3.72439095113360     
   3.68474413041776     
   3.50220800241959     
   3.60000038146970     
   3.73086912511167     
   3.65267192887299     
   3.47822906274325     
   4.05000019073490     
   4.20405205666139     
   4.10208043621321     
   3.89904420566852     
   4.05000019073490     
   4.18570307506714     
   4.13592620117131     
   3.91360172025323     
   4.05000019073490     
   4.23488795211382     
   4.23278264190604     
   3.71184755850909     
   4.05000019073490     
   4.27785014484826     
   4.26671332039072     
   3.67883452138452     
   4.05000019073490     
   4.23488794306963     
   4.23278262806026     
   3.71184756617080     
   4.05000019073490     
   4.18570307189086     
   4.13592617849672     
   3.91360174973701     
   4.05000019073490     
   4.20405206174016     
   4.10208043618370     
   3.89904419877949     
   4.50000047683720     
   4.64788928024634     
   4.55114770537732     
   4.36650371107223     
   4.50000047683720     
   4.62781895373949     
   4.56570627945193     
   4.37013967448180     
   4.50000047683720     
   4.66998642390557     
   4.59786020654075     
   4.29096971187470     
   4.50000000000000     
   4.69423262832405     
   4.61281228363944     
   4.24461695203982     
   4.50000047683720     
   4.66998641713569     
   4.59786019912578     
   4.29096971978332     
   4.50000047683720     
   4.62781895035995     
   4.56570627014826     
   4.37013968632785     
   4.50000047683720     
   4.64788928362616     
   4.55114770331196     
   4.36650370841040     
   4.95000076293950     
   5.07712222112915     
   4.99404034755529     
   4.84919434633519     
   4.95000076293950     
   5.05739111116720     
   4.99582542938995     
   4.85789634472323     
   4.95000076293950     
   5.08127920043534     
   5.00888700574827     
   4.81970349729311     
   4.95000076293950     
   5.09521452056228     
   5.01374383446062     
   4.79892321340698     
   4.95000076293950     
   5.08127919529519     
   5.00888700202555     
   4.81970350299735     
   4.95000076293950     
   5.05739111081515     
   4.99582542550690     
   4.85789634871714     
   4.95000076293950     
   5.07712222195503     
   4.99404034644109     
   4.84919434394574     
   5.40000057220460     
   5.50018025131931     
   5.43570326305567     
   5.33641326809087     
   5.40000057220460     
   5.48301471328592     
   5.43411688152589     
   5.34305076965964     
   5.40000057220460     
   5.49444634843942     
   5.43961826692501     
   5.32442861348841     
   5.40000057220460     
   5.50182081825056     
   5.44170015589275     
   5.31476353464302     
   5.40000057220460     
   5.49444634069940     
   5.43961826318774     
   5.32442862373839     
   5.40000057220460     
   5.48301471227661     
   5.43411687850515     
   5.34305077389513     
   5.40000057220460     
   5.50018025336582     
   5.43570326252379     
   5.33641326427586     
   5.85000085830690     
   5.92381163878952     
   5.87909116380126     
   5.81679639621921     
   5.85000085830690     
   5.91103556628684     
   5.87712563599838     
   5.82096090557403     
   5.85000085830690     
   5.91555351687329     
   5.87941471021862     
   5.81147774227702     
   5.85000085830690     
   5.91917990451590     
   5.88037111628425     
   5.80665025876801     
   5.85000085830690     
   5.91555351559068     
   5.87941470890740     
   5.81147774443232     
   5.85000085830690     
   5.91103556740876     
   5.87712563396839     
   5.82096090711316     
   5.85000085830690     
   5.92381163928983     
   5.87909116267025     
   5.81679639500369     
   6.30000114440920     
   6.35194467182964     
   6.32416928856907     
   6.28844955517591     
   6.30000162124630     
   6.34347337259400     
   6.32265219292562     
   6.29106024623148     
   6.30000114440920     
   6.34474977962087     
   6.32347953866818     
   6.28588140836813     
   6.30000114440920     
   6.34636932329210     
   6.32387037886661     
   6.28331794021849     
   6.30000114440920     
   6.34474977961098     
   6.32347953872012     
   6.28588140833024     
   6.30000114440920     
   6.34347245060566     
   6.32265124586333     
   6.29105974644720     
   6.30000114440920     
   6.35194467044164     
   6.32416928689125     
   6.28844955392458     
   6.75000095367430     
   6.78561430349512     
   6.77053561095646     
   6.75265477912550     
   6.75000095367430     
   6.78045979429827     
   6.76964056580703     
   6.75437045376733     
   6.75000095367430     
   6.78047832281266     
   6.76983063951836     
   6.75138353073771     
   6.75000095367430     
   6.78111283330170     
   6.76993312516208     
   6.74991894873781     
   6.75000095367430     
   6.78047832251785     
   6.76983063916636     
   6.75138353110706     
   6.75000095367430     
   6.78045979423007     
   6.76964056545575     
   6.75437045370562     
   6.75000095367430     
   6.78561430322264     
   6.77053561003008     
   6.75265477814023     
   7.20000123977660     
   7.22428194223136     
   7.21798255932192     
   7.21131836404274     
   7.20000123977660     
   7.22138689581987     
   7.21760187168624     
   7.21250527000398     
   7.20000123977660     
   7.22105108516224     
   7.21756196058987     
   7.21073762861057     
   7.20000123977660     
   7.22124781972103     
   7.21754049557562     
   7.20985980781273     
   7.20000123977660     
   7.22105108490845     
   7.21756196025281     
   7.21073762886735     
   7.20000123977660     
   7.22138689607311     
   7.21760187093587     
   7.21250527014478     
   7.20000123977660     
   7.22428194167143     
   7.21798255847206     
   7.21131836329516     
   7.65000152587890     
   7.66689370320165     
   7.66636374016911     
   7.66618362413947     
   7.65000200271610     
   7.66541620714785     
   7.66629041931556     
   7.66701373692669     
   7.65000152587890     
   7.66506714310413     
   7.66620532919763     
   7.66599049902140     
   7.65000152587890     
   7.66509207002683     
   7.66614948322959     
   7.66546057800890     
   7.65000152587890     
   7.66506714298984     
   7.66620532910049     
   7.66599049920625     
   7.65000152587890     
   7.66541526280108     
   7.66628946730634     
   7.66701325519319     
   7.65000152587890     
   7.66689370264270     
   7.66636373954196     
   7.66618362310572     
   8.10000133514400     
   8.11239644209128     
   8.11554422852846     
   8.11856563594212     
   8.10000133514400     
   8.11173906308206     
   8.11556635889387     
   8.11913835086358     
   8.10000133514400     
   8.11146810595478     
   8.11551472642032     
   8.11859569154993     
   8.10000133514400     
   8.11144185593026     
   8.11546059924911     
   8.11828479386118     
   8.10000133514400     
   8.11146810581916     
   8.11551472618354     
   8.11859569146920     
   8.10000133514400     
   8.11173906258529     
   8.11556635842592     
   8.11913835045392     
   8.10000133514400     
   8.11239644182048     
   8.11554422791320     
   8.11856563526394     
   8.55000114440920     
   8.55999002780940     
   8.56528473021767     
   8.56937104588422     
   8.55000114440920     
   8.55971959888293     
   8.56531208053047     
   8.56977297794191     
   8.55000114440920     
   8.55953977976572     
   8.56530347648769     
   8.56952998812580     
   8.55000114440920     
   8.55951084564678     
   8.56526444976668     
   8.56934150761263     
   8.55000114440920     
   8.55953977964471     
   8.56530347627629     
   8.56952998793034     
   8.55000114440920     
   8.55971959860723     
   8.56531208007326     
   8.56977297747670     
   8.55000114440920     
   8.55999002737694     
   8.56528472957330     
   8.56937104521257     
   9.00000000000000     
   9.00922283016273     
   9.01490072665375     
   9.01959829044084     
   9.00000000000000     
   9.00905927564742     
   9.01494911636126     
   9.01993746316312     
   9.00000000000000     
   9.00896250392030     
   9.01499214665102     
   9.01983668401111     
   9.00000000000000     
   9.00894379452914     
   9.01498275612197     
   9.01970329791910     
   9.00000000000000     
   9.00896250376517     
   9.01499214642632     
   9.01983668379715     
   9.00000000000000     
   9.00905927538766     
   9.01494911590823     
   9.01993746269046     
   9.00000000000000     
   9.00922282969465     
   9.01490072601387     
   9.01959828976091     
