   1.50000000000000     
   1.50000000000000     
   1.50000000000000     
   1.75000000000000     
   1.75000000000000     
   1.75000000000000     
   2.00000000000000     
   2.00000000000000     
   2.00000000000000     
   2.25000000000000     
   2.25000000000000     
   2.25000000000000     
   2.50000000000000     
   2.50000000000000     
   2.50000000000000     
   1.50000000000000     
   1.50000000000000     
   1.50000000000000     
   1.75000000000000     
   1.75000000000000     
   1.75000000000000     
   2.00000000000000     
   2.00000000000000     
   2.00000000000000     
   2.25000000000000     
   2.25000000000000     
   2.25000000000000     
   2.50000000000000     
   2.50000000000000     
   2.50000000000000     
   1.50000000000000     
   1.50000000000000     
   1.50000000000000     
   1.75000000000000     
   1.75000000000000     
   1.75000000000000     
   2.00000000000000     
   2.00000000000000     
   2.00000000000000     
   2.25000000000000     
   2.25000000000000     
   2.25000000000000     
   2.50000000000000     
   2.50000000000000     
   2.50000000000000     
   1.50000000000000     
   1.50000000000000     
   1.50000000000000     
   1.75000000000000     
   1.75000000000000     
   1.75000000000000     
   2.00000000000000     
   2.00000000000000     
   2.00000000000000     
   2.25000000000000     
   2.25000000000000     
   2.25000000000000     
   2.50000000000000     
   2.50000000000000     
   2.50000000000000     
   1.50000000000000     
   1.50000000000000     
   1.50000000000000     
   1.75000000000000     
   1.75000000000000     
   1.75000000000000     
   2.00000000000000     
   2.00000000000000     
   2.00000000000000     
   2.25000000000000     
   2.25000000000000     
   2.25000000000000     
   2.50000000000000     
   2.50000000000000     
   2.50000000000000     
  0.000000000000000E+000
 -3.555852788299510E-002
  2.423155833893286E-002
  0.137082703890582     
  0.666666686534880     
  0.621090651866766     
  0.675948132166299     
  0.787333140276396     
   1.33333337306980     
   1.29673688561703     
   1.33872315607373     
   1.40814217525820     
   2.00000000000000     
   2.00000000168006     
   2.00000000164153     
   1.99999999907805     
   2.66666674613950     
   2.70326323954586     
   2.66127696472485     
   2.59185793313652     
   3.33333349227910     
   3.37890952728278     
   3.32405204541636     
   3.21266703198833     
   4.00000000000000     
   4.03555852798931     
   3.97576844317018     
   3.86291729874851     
  0.000000000000000E+000
 -5.679735383210995E-002
  7.688214296213945E-003
  0.140972624558671     
  0.666666686534880     
  0.610015459015613     
  0.663711646558222     
  0.784546105616699     
   1.33333337306980     
   1.29546428522311     
   1.33314455494699     
   1.40198451717452     
   2.00000000000000     
   2.00000000094937     
   2.00000000099011     
   1.99999999905595     
   2.66666674613950     
   2.70453584111507     
   2.66685556585873     
   2.59801558904780     
   3.33333349227910     
   3.38998472487636     
   3.33628853318845     
   3.21545406199423     
   4.00000000000000     
   4.05679735341694     
   3.99231178607462     
   3.85902737389874     
  0.000000000000000E+000
 -0.101877323057908     
 -2.034554957765291E-002
  0.186919203900963     
  0.666666686534880     
  0.572348267710214     
  0.639646896404475     
  0.827785340805892     
   1.33333337306980     
   1.27124059106432     
   1.31986017693488     
   1.43525539652999     
   2.00000000000000     
   2.00000000116571     
   2.00000000062646     
   1.99999999924647     
   2.66666674613950     
   2.72875953804922     
   2.68013994488213     
   2.56474470451888     
   3.33333349227910     
   3.42765192770059     
   3.36035328962261     
   3.17221481353927     
   4.00000000000000     
   4.10187732187079     
   4.02034554822758     
   3.81308079422158     
  0.000000000000000E+000
 -0.165052382500592     
 -5.098346907696629E-002
  0.277289873226379     
  0.666666686534880     
  0.517916613716560     
  0.595353573292625     
  0.911457801699516     
   1.33333337306980     
   1.23460728324168     
   1.28873897118510     
   1.50192857158018     
   2.00000000000000     
   2.00000000202148     
   1.99999999975226     
   1.99999999649858     
   2.66666674613950     
   2.76539284929066     
   2.71126115424326     
   2.49807152109213     
   3.33333349227910     
   3.48208357407402     
   3.40464660471857     
   3.08854235886765     
   4.00000000000000     
   4.16505238371927     
   4.05098346428299     
   3.72271013049928     
  0.000000000000000E+000
 -0.238979697279332     
 -6.908995162949276E-002
  0.371413299001772     
  0.666666686534880     
  0.461172337859571     
  0.514061818721717     
   1.06009561342303     
   1.33333337306980     
   1.20089002883953     
   1.18981236359379     
   1.59340409033297     
   2.00000000000000     
   2.00000000286508     
   2.00000000183623     
   1.99999998273348     
   2.66666674613950     
   2.79911010932611     
   2.81018776964150     
   2.40659597987053     
   3.33333349227910     
   3.53882785626212     
   3.48593834564989     
   2.93990455541384     
   4.00000000000000     
   4.23897970241690     
   4.06908994565219     
   3.62858670620878     
  0.000000000000000E+000
 -0.289906353440158     
 -9.974117352119977E-002
  0.456709576578325     
  0.666666686534880     
  0.399570213339399     
  0.470004087013968     
   1.09404558510345     
   1.33333337306980     
   1.16145736974869     
   1.06772844486165     
   1.58876924174262     
   2.00000000000000     
   2.00000000356763     
   2.00000001183629     
   1.99999999019055     
   2.66666674613950     
   2.83854277396357     
   2.93227169198117     
   2.41123082983671     
   3.33333349227910     
   3.60042998457299     
   3.52999606158544     
   2.90595458204631     
   4.00000000000000     
   4.28990635990755     
   4.09974117145889     
   3.54329043193704     
  0.000000000000000E+000
 -0.310230377395725     
 -0.118773993188984     
  0.469149547578444     
  0.666666686534880     
  0.367880078804639     
  0.458107871349047     
   1.10527545818688     
   1.33333337306980     
   1.13279122768874     
   1.05998731456086     
   1.57947252047268     
   2.00000000000000     
   2.00000000468047     
   2.00000001218656     
   1.99999999104971     
   2.66666674613950     
   2.86720891901343     
   2.94001282527205     
   2.42052755165987     
   3.33333349227910     
   3.63212011692305     
   3.54189228079710     
   2.89472470664221     
   4.00000000000000     
   4.31023038518815     
   4.11877398941806     
   3.53085046091897     
  0.000000000000000E+000
 -0.301420952736020     
 -0.107734883274658     
  0.446972640323685     
  0.666666686534880     
  0.385357110524388     
  0.462542541055473     
   1.09029355531373     
   1.33333337306980     
   1.14773433194222     
   1.05972289363772     
   1.59239697547772     
   2.00000000000000     
   2.00000000460637     
   2.00000001240029     
   1.99999999130131     
   2.66666674613950     
   2.85226581318883     
   2.94027724248781     
   2.40760310079126     
   3.33333349227910     
   3.61464308610624     
   3.53745760680548     
   2.90970661154094     
   4.00000000000000     
   4.30142095936293     
   4.10773488043528     
   3.55302737104847     
  0.000000000000000E+000
 -0.260342806388206     
 -8.590261638600186E-002
  0.360260613366469     
  0.666666686534880     
  0.439542767645892     
  0.494915642903769     
   1.04482580790033     
   1.33333337306980     
   1.18572445021988     
   1.15993512077426     
   1.59169416089780     
   2.00000000000000     
   2.00000000328605     
   2.00000000587014     
   1.99999998057579     
   2.66666674613950     
   2.81427569081197     
   2.84006501305050     
   2.40830590716090     
   3.33333349227910     
   3.56045742794096     
   3.50508451546123     
   2.95517437327499     
   4.00000000000000     
   4.26034281082126     
   4.08590261078249     
   3.63973939997466     
  0.000000000000000E+000
 -0.194526059000286     
 -7.343278808986486E-002
  0.262660751922034     
  0.666666686534880     
  0.493960840471355     
  0.569131322426044     
  0.889640231985549     
   1.33333337306980     
   1.21918891785631     
   1.26678329789184     
   1.48901605687740     
   2.00000000000000     
   2.00000000228450     
   2.00000000065305     
   1.99999999416831     
   2.66666674613950     
   2.78081121781449     
   2.73321683083905     
   2.51098404111359     
   3.33333349227910     
   3.50603934904140     
   3.43086885403268     
   3.11035993550257     
   4.00000000000000     
   4.19452606022351     
   4.07343278363668     
   3.73733925529545     
  0.000000000000000E+000
 -0.135313717533471     
 -4.801677291234081E-002
  0.160594356381173     
  0.666666686534880     
  0.549109729501402     
  0.611958688013502     
  0.802408979030732     
   1.33333337306980     
   1.25798344449211     
   1.30267418373510     
   1.41842949682446     
   2.00000000000000     
   2.00000000108338     
   2.00000000070279     
   1.99999999919769     
   2.66666674613950     
   2.74201668601785     
   2.69732594051429     
   2.58157060695534     
   3.33333349227910     
   3.45089045681232     
   3.38804149186086     
   3.19759119004029     
   4.00000000000000     
   4.13531371668393     
   4.04801677116461     
   3.83940564547860     
  0.000000000000000E+000
 -8.810815679008437E-002
 -2.697610362688695E-002
  9.590393739687884E-002
  0.666666686534880     
  0.593585355417073     
  0.635797821718996     
  0.744996191508531     
   1.33333337306980     
   1.28751522132619     
   1.31741217047523     
   1.37961091896496     
   2.00000000000000     
   2.00000000018222     
   2.00000000022356     
   1.99999999936772     
   2.66666674613950     
   2.71248490572301     
   2.68258795176612     
   2.62038919104005     
   3.33333349227910     
   3.40641482822059     
   3.36420235787738     
   3.25500398039296     
   4.00000000000000     
   4.08810815658404     
   4.02697610294057     
   3.90409606191730     
  0.000000000000000E+000
 -5.307523756893995E-002
 -1.426278891842164E-002
  5.665806212773788E-002
  0.666666746139530     
  0.624142270455112     
  0.649683976289673     
  0.712133729038644     
   1.33333349227910     
   1.30685174534077     
   1.32447785948746     
   1.35888663335101     
   2.00000000000000     
   2.00000000072029     
   2.00000000021486     
   1.99999999896443     
   2.66666698455810     
   2.69314874758757     
   2.67552262348156     
   2.64111382566620     
   3.33333349227910     
   3.37585797151318     
   3.35031626260551     
   3.28786650381569     
   4.00000000000000     
   4.05307523728263     
   4.01426278803075     
   3.94334193784565     
  0.000000000000000E+000
 -2.976716818164292E-002
 -6.843666672620429E-003
  3.436208639708953E-002
  0.666666686534880     
  0.643295915028632     
  0.657897180707874     
  0.693498349673890     
   1.33333337306980     
   1.31870916774679     
   1.32859375220952     
   1.34801009419287     
   2.00000000000000     
   2.00000000055267     
   2.00000000018099     
   1.99999999894032     
   2.66666674613950     
   2.68129095255733     
   2.67140636699216     
   2.65199002373700     
   3.33333349227910     
   3.35670426673630     
   3.34210299861455     
   3.30650182501831     
   4.00000000000000     
   4.02976716732457     
   4.00684366568023     
   3.96563791328080     
  0.000000000000000E+000
 -1.547222018583803E-002
 -2.557927400326026E-003
  2.131101808080553E-002
  0.666666686534880     
  0.654553015828979     
  0.662716661979051     
  0.683005246657172     
   1.33333337306980     
   1.32564708306064     
   1.33109066202714     
   1.34214315140683     
   2.00000000000000     
   2.00000000007204     
   1.99999999998568     
   1.99999999977081     
   2.66666674613950     
   2.67435303821130     
   2.66890945731146     
   2.65785696572884     
   3.33333349227910     
   3.34544718066794     
   3.33728352314188     
   3.31699491982705     
   4.00000000000000     
   4.01547221875194     
   4.00255792726268     
   3.97868898128051     
  0.000000000000000E+000
 -7.231808114905299E-003
 -2.515860433223867E-004
  1.345615332962558E-002
  0.666666686534880     
  0.660842110027140     
  0.665392816080314     
  0.676903064208052     
   1.33333337306980     
   1.32952432081866     
   1.33253707461217     
   1.33886922380683     
   2.00000000000000     
   2.00000000009371     
   1.99999999995768     
   1.99999999988967     
   2.66666674613950     
   2.67047579902431     
   2.66746304495559     
   2.66113089403541     
   3.33333349227910     
   3.33915806854965     
   3.33460736228498     
   3.32309711417142     
   4.00000000000000     
   4.00723180921163     
   4.00025158601488     
   3.98654384632303     
  0.000000000000000E+000
 -2.775010028774180E-003
  8.005642871349273E-004
  8.589072145073583E-003
  0.666666686534880     
  0.664178233405863     
  0.666732885396890     
  0.673220183503315     
   1.33333337306980     
   1.33158965126678     
   1.33329481462428     
   1.33693929339535     
   2.00000000000000     
   2.00000000006379     
   2.00000000007650     
   1.99999999993040     
   2.66666674613950     
   2.66841046814564     
   2.66670530457581     
   2.66306082542065     
   3.33333349227910     
   3.33582194585473     
   3.33326729341835     
   3.32677999461957     
   4.00000000000000     
   4.00277500984770     
   3.99919943572458     
   3.99141092782454     
  0.000000000000000E+000
 -5.722626122905460E-004
  1.140385893573689E-003
  5.545892340244989E-003
  0.666666746139530     
  0.665828646928492     
  0.667297123345660     
  0.670943571349417     
   1.33333349227910     
   1.33262924160858     
   1.33363480164869     
   1.33575042098601     
   2.00000000000000     
   2.00000000010608     
   2.00000000010127     
   1.99999999999330     
   2.66666698455810     
   2.66737123589297     
   2.66636567511548     
   2.66425005426729     
   3.33333349227910     
   3.33417159379098     
   3.33270311554386     
   3.32905666448229     
   4.00000000000000     
   4.00057226229974     
   3.99885961423279     
   3.99445410808152     
  0.000000000000000E+000
  3.437229593536110E-004
  1.184518025654857E-003
  3.706108447192257E-003
  0.666666686534880     
  0.666556249769659     
  0.667482636168200     
  0.669562290680158     
   1.33333337306980     
   1.33311703891509     
   1.33374771780135     
   1.33501678662642     
   2.00000000000000     
   2.00000000013182     
   2.00000000013414     
   2.00000000006745     
   2.66666674613950     
   2.66688308041252     
   2.66625240163812     
   2.66498333257784     
   3.33333325386050     
   3.33344369068935     
   3.33251730449150     
   3.33043765023621     
   4.00000000000000     
   3.99965627750260     
   3.99881548210481     
   3.99629389182398     
  0.000000000000000E+000
  5.468530502008114E-004
  1.306120089502283E-003
  2.601129556594945E-003
  0.666666686534880     
  0.666835522193946     
  0.667513474084611     
  0.668822740701426     
   1.33333337306980     
   1.33332642464314     
   1.33376254427573     
   1.33460055832987     
   2.00000000000000     
   2.00000000012434     
   2.00000000019450     
   2.00000000016510     
   2.66666674613950     
   2.66667369480391     
   2.66623757522661     
   2.66539956104610     
   3.33333349227910     
   3.33316465677048     
   3.33248670495908     
   3.33117743836490     
   4.00000000000000     
   3.99945314705843     
   3.99869388023546     
   3.99739887090694     
  0.000000000000000E+000
  6.211333741609066E-004
  1.361500244518802E-003
  2.070982591920687E-003
  0.666666686534880     
  0.666944826971260     
  0.667496557914794     
  0.668548190208928     
   1.33333337306980     
   1.33340261902904     
   1.33375556183978     
   1.33451068025020     
   2.00000000000000     
   2.00000000017379     
   2.00000000025632     
   2.00000000023607     
   2.66666674613950     
   2.66659750049811     
   2.66624455780009     
   2.66548943929519     
   3.33333349227910     
   3.33305535204930     
   3.33250362124968     
   3.33145198903277     
   4.00000000000000     
   3.99937886688690     
   3.99863850021124     
   3.99792901803050     
