   1.62190804092444     
   2.10311159654543     
   2.60000000000000     
   1.61761495974665     
   2.10363276956633     
   2.60000000000000     
   1.61709823470009     
   2.10341022692174     
   2.60000000000000     
   1.61761495971336     
   2.10363276956001     
   2.60000000000000     
   1.62190804082750     
   2.10311159654499     
   2.60000000000000     
   1.61600917730132     
   2.10296617651334     
   2.60000000000000     
   1.61493468262062     
   2.10295201788857     
   2.60000000000000     
   1.61447877280755     
   2.10284192296136     
   2.60000000000000     
   1.61493468261347     
   2.10295201788458     
   2.60000000000000     
   1.61600917728764     
   2.10296617650808     
   2.60000000000000     
   1.61435349426981     
   2.10236594226179     
   2.60000000000000     
   1.61359990737057     
   2.10239070772077     
   2.60000000000000     
   1.61320980901831     
   2.10234295677013     
   2.60000000000000     
   1.61359990737832     
   2.10239070771702     
   2.60000000000000     
   1.61435349431083     
   2.10236594225123     
   2.60000000000000     
   1.61506113883446     
   2.10234051323261     
   2.60000000000000     
   1.61403048649872     
   2.10232867214219     
   2.60000000000000     
   1.61360452487875     
   2.10222582536384     
   2.60000000000000     
   1.61403048647625     
   2.10232867213194     
   2.60000000000000     
   1.61506113879136     
   2.10234051321905     
   2.60000000000000     
   1.61949063360218     
   2.10163925848663     
   2.60000000000000     
   1.61547682499380     
   2.10215048145758     
   2.60000000000000     
   1.61499194371201     
   2.10194586428278     
   2.60000000000000     
   1.61547682492729     
   2.10215048144206     
   2.60000000000000     
   1.61949063341905     
   2.10163925848019     
   2.60000000000000     
  0.000000000000000E+000
   1.02704515198792     
   2.16225221889854     
   3.17849918906911     
  0.000000000000000E+000
   1.02056749870807     
   2.10667682168589     
   3.10915227784351     
  0.000000000000000E+000
   1.00067799138101     
   2.07748293811162     
   3.07201772073698     
  0.000000000000000E+000
  0.992113780855888     
   2.06867150055214     
   3.06138856656970     
  0.000000000000000E+000
   1.00067799586735     
   2.07748294456442     
   3.07201772804668     
  0.000000000000000E+000
   1.02056750654616     
   2.10667683761101     
   3.10915229744891     
  0.000000000000000E+000
   1.02704515505298     
   2.16225222311263     
   3.17849919232867     
  0.000000000000000E+000
   1.01531726680319     
   2.08030159163283     
   3.07553600337408     
  0.000000000000000E+000
   1.00843768020325     
   2.01376059983702     
   2.98922127748303     
  0.000000000000000E+000
  0.985987025011921     
   1.97019118516596     
   2.92666132051487     
  0.000000000000000E+000
  0.977139006764533     
   1.95392174190740     
   2.90353581240002     
  0.000000000000000E+000
  0.985987029103774     
   1.97019119341480     
   2.92666133074267     
  0.000000000000000E+000
   1.00843768377851     
   2.01376060719266     
   2.98922129352533     
  0.000000000000000E+000
   1.01531726853626     
   2.08030159537712     
   3.07553600577947     
  0.000000000000000E+000
  0.977139745005410     
   2.02175011822934     
   2.99891236754020     
  0.000000000000000E+000
  0.971148672593466     
   1.92790315726624     
   2.86209866392040     
  0.000000000000000E+000
  0.932612251386706     
   1.86461386953234     
   2.75632840682091     
  0.000000000000000E+000
  0.917003785620562     
   1.83936086075972     
   2.70723242592558     
  0.000000000000000E+000
  0.932612257562500     
   1.86461388063211     
   2.75632842125819     
  0.000000000000000E+000
  0.971148671057729     
   1.92790315822738     
   2.86209867884115     
  0.000000000000000E+000
  0.977139745154693     
   2.02175012332400     
   2.99891237320680     
  0.000000000000000E+000
  0.932179567795966     
   1.97371401889356     
   2.94183311072334     
  0.000000000000000E+000
  0.926749472675834     
   1.83385389205238     
   2.69402438397029     
  0.000000000000000E+000
  0.863243585466698     
   1.72953944656954     
   2.45999637718145     
  0.000000000000000E+000
  0.829625287680150     
   1.68288298591421     
   2.32280957195870     
  0.000000000000000E+000
  0.863243596281798     
   1.72953946832577     
   2.45999639583455     
  0.000000000000000E+000
  0.926749484869514     
   1.83385393119410     
   2.69402445063384     
  0.000000000000000E+000
  0.932179564740917     
   1.97371402188516     
   2.94183311955931     
  0.000000000000000E+000
  0.886210963749313     
   1.94457579406050     
   2.86330126789963     
  0.000000000000000E+000
  0.883329058937353     
   1.71989715198612     
   2.57221367405368     
  0.000000000000000E+000
  0.767099803003431     
   1.64573505955513     
   1.53753975583353     
  0.000000000000000E+000
  0.715513375921464     
   1.45856409554715     
   1.63759050414592     
  0.000000000000000E+000
  0.767099819136793     
   1.64573509576937     
   1.53753980857993     
  0.000000000000000E+000
  0.883329077722462     
   1.71989719103766     
   2.57221387568074     
  0.000000000000000E+000
  0.886210955345725     
   1.94457580308477     
   2.86330125781685     
  0.000000000000000E+000
  0.856248541299634     
   1.91322316583857     
   2.83792911124590     
  0.000000000000000E+000
  0.839446183157251     
   1.66443743097559     
   2.38554636773833     
  0.000000000000000E+000
  0.701087367100198     
   1.28808445862025     
   1.49774874329711     
  0.000000000000000E+000
  0.608748401406570     
  0.952277873512621     
   1.45974596697858     
  0.000000000000000E+000
  0.701087389892818     
   1.28808452230942     
   1.49774883781936     
  0.000000000000000E+000
  0.839446206929804     
   1.66443749861851     
   2.38554658162760     
  0.000000000000000E+000
  0.856248528437522     
   1.91322317203481     
   2.83792909967655     
  0.000000000000000E+000
  0.845032853733235     
   1.90310552414094     
   2.83473178001856     
  0.000000000000000E+000
  0.823498819751057     
   1.63097196104132     
   2.33244038844281     
  0.000000000000000E+000
  0.643758324432329     
   1.22647154150074     
   1.60539019848385     
  0.000000000000000E+000
  0.528913684847778     
  0.856912349684397     
   1.54185784548715     
  0.000000000000000E+000
  0.643758352354428     
   1.22647162350276     
   1.60539026760715     
  0.000000000000000E+000
  0.823498848731207     
   1.63097203765945     
   2.33244057456882     
  0.000000000000000E+000
  0.845032838980476     
   1.90310552828475     
   2.83473177111857     
  0.000000000000000E+000
  0.851038400096090     
   1.91378868061160     
   2.83965924934380     
  0.000000000000000E+000
  0.836215280722632     
   1.66476855056151     
   2.40117883930936     
  0.000000000000000E+000
  0.687682958807257     
   1.28124499977078     
   1.54018390670020     
  0.000000000000000E+000
  0.583231958042188     
  0.942595766000488     
   1.46444019422880     
  0.000000000000000E+000
  0.687682984728647     
   1.28124507368444     
   1.54018399626455     
  0.000000000000000E+000
  0.836215305644595     
   1.66476862031448     
   2.40117904196439     
  0.000000000000000E+000
  0.851038386957179     
   1.91378868608427     
   2.83965924065387     
  0.000000000000000E+000
  0.874942652619966     
   1.94233438864575     
   2.87215129146627     
  0.000000000000000E+000
  0.875204315966744     
   1.72121739584365     
   2.56713375869627     
  0.000000000000000E+000
  0.752591122458953     
   1.61525533385838     
   1.55848325194665     
  0.000000000000000E+000
  0.691892346774173     
   1.39964822785468     
   1.72170821420285     
  0.000000000000000E+000
  0.752591140797514     
   1.61525537008288     
   1.55848332581431     
  0.000000000000000E+000
  0.875204335414140     
   1.72121743760039     
   2.56713397759590     
  0.000000000000000E+000
  0.874942643591785     
   1.94233439813170     
   2.87215127703675     
  0.000000000000000E+000
  0.912201767346865     
   1.96586052575907     
   2.93935968656911     
  0.000000000000000E+000
  0.913308382491663     
   1.82406488226712     
   2.69145002455990     
  0.000000000000000E+000
  0.843225805981140     
   1.70925305774406     
   2.48402177270546     
  0.000000000000000E+000
  0.802035797189195     
   1.66171362383652     
   2.34996736406780     
  0.000000000000000E+000
  0.843225818174215     
   1.70925307683089     
   2.48402181243559     
  0.000000000000000E+000
  0.913308394362558     
   1.82406492383144     
   2.69145009160638     
  0.000000000000000E+000
  0.912201763810188     
   1.96586052882067     
   2.93935969727487     
  0.000000000000000E+000
  0.946537754747983     
   1.99523404692870     
   2.97830096250800     
  0.000000000000000E+000
  0.948902588047108     
   1.90456454313235     
   2.84549193383840     
  0.000000000000000E+000
  0.907121513890872     
   1.84609356150092     
   2.74986530623035     
  0.000000000000000E+000
  0.890122964965811     
   1.82164850173984     
   2.70786505617679     
  0.000000000000000E+000
  0.907121520669310     
   1.84609357209414     
   2.74986532199830     
  0.000000000000000E+000
  0.948902596246375     
   1.90456456688567     
   2.84549196865222     
  0.000000000000000E+000
  0.946537753573077     
   1.99523404959282     
   2.97830096438279     
  0.000000000000000E+000
  0.973342830517675     
   2.01795467971017     
   3.00897823913768     
  0.000000000000000E+000
  0.975623418890394     
   1.96202345032743     
   2.93453299748282     
  0.000000000000000E+000
  0.954074088622374     
   1.93068003559644     
   2.88635310196888     
  0.000000000000000E+000
  0.945611598308877     
   1.91850052960496     
   2.87048689398363     
  0.000000000000000E+000
  0.954074092494551     
   1.93068004172096     
   2.88635310965067     
  0.000000000000000E+000
  0.975623423192115     
   1.96202346331016     
   2.93453301556002     
  0.000000000000000E+000
  0.973342830288009     
   2.01795468180958     
   3.00897824025330     
  0.000000000000000E+000
  0.991610846259184     
   2.02993229701310     
   3.02643287880181     
  0.000000000000000E+000
  0.992891450387966     
   1.99623763042416     
   2.98258928441251     
  0.000000000000000E+000
  0.981457345523888     
   1.97836259628987     
   2.95655132393667     
  0.000000000000000E+000
  0.977022942684373     
   1.97195292392287     
   2.94877336656480     
  0.000000000000000E+000
  0.981457352011395     
   1.97836260636967     
   2.95655133721542     
  0.000000000000000E+000
  0.992891454002401     
   1.99623764184998     
   2.98258930114124     
  0.000000000000000E+000
  0.991610845754637     
   2.02993229841380     
   3.02643287929938     
  0.000000000000000E+000
   1.00209766121752     
   2.03329895958478     
   3.03253574404024     
  0.000000000000000E+000
   1.00243816204681     
   2.01317325368075     
   3.00670216462833     
  0.000000000000000E+000
  0.996092194886469     
   2.00238383397100     
   2.99172036461019     
  0.000000000000000E+000
  0.993638864603636     
   1.99869272172546     
   2.98736780798545     
  0.000000000000000E+000
  0.996092195760998     
   2.00238383706949     
   2.99172036700179     
  0.000000000000000E+000
   1.00243816228260     
   2.01317325787246     
   3.00670216845294     
  0.000000000000000E+000
   1.00209766077989     
   2.03329896117250     
   3.03253574481389     
  0.000000000000000E+000
   1.00694052099717     
   2.03112552483696     
   3.03189734423663     
  0.000000000000000E+000
   1.00669397660169     
   2.01923150918847     
   3.01664253921938     
  0.000000000000000E+000
   1.00301805933024     
   2.01247954688305     
   3.00772980413731     
  0.000000000000000E+000
   1.00159257329136     
   2.01020071287238     
   3.00509994645186     
  0.000000000000000E+000
   1.00301805963756     
   2.01247954774893     
   3.00772980441251     
  0.000000000000000E+000
   1.00669397217468     
   2.01923150588393     
   3.01664253733432     
  0.000000000000000E+000
   1.00694052181930     
   2.03112552739163     
   3.03189734613110     
  0.000000000000000E+000
   1.00826445751714     
   2.02619501380708     
   3.02766775239135     
  0.000000000000000E+000
   1.00774646926469     
   2.01923469934286     
   3.01869873569647     
  0.000000000000000E+000
   1.00554977457495     
   2.01493526307073     
   3.01333019756178     
  0.000000000000000E+000
   1.00468922529154     
   2.01348043817221     
   3.01166674507583     
  0.000000000000000E+000
   1.00554977506520     
   2.01493526353183     
   3.01333019842867     
  0.000000000000000E+000
   1.00774647042168     
   2.01923470154141     
   3.01869873972019     
  0.000000000000000E+000
   1.00826445827895     
   2.02619501294124     
   3.02766775216442     
  0.000000000000000E+000
   1.00768056336357     
   2.02037534736393     
   3.02200612484512     
  0.000000000000000E+000
   1.00708988156331     
   2.01634363286655     
   3.01677375434602     
  0.000000000000000E+000
   1.00574275482999     
   2.01358834030379     
   3.01354527242574     
  0.000000000000000E+000
   1.00520883295113     
   2.01264756675820     
   3.01247619107897     
  0.000000000000000E+000
   1.00574275504440     
   2.01358834110964     
   3.01354527295002     
  0.000000000000000E+000
   1.00708988177808     
   2.01634363426956     
   3.01677375532497     
  0.000000000000000E+000
   1.00768056331486     
   2.02037534765720     
   3.02200612469949     
  0.000000000000000E+000
   1.00622787577582     
   2.01474277799734     
   3.01621426436648     
  0.000000000000000E+000
   1.00566556236622     
   2.01241690606859     
   3.01318195380941     
  0.000000000000000E+000
   1.00481352679395     
   2.01063974813062     
   3.01125193404355     
  0.000000000000000E+000
   1.00447380324972     
   2.01002640328094     
   3.01055825778972     
  0.000000000000000E+000
   1.00481352726565     
   2.01063974905049     
   3.01125193491213     
  0.000000000000000E+000
   1.00566556602177     
   2.01241691534026     
   3.01318195933866     
  0.000000000000000E+000
   1.00622787602533     
   2.01474277851880     
   3.01621426466797     
  0.000000000000000E+000
   1.00446379689293     
   2.00980139705795     
   3.01100420054221     
  0.000000000000000E+000
   1.00396122518880     
   2.00842581290632     
   3.00924215997577     
  0.000000000000000E+000
   1.00339896979121     
   2.00724990082240     
   3.00805775333597     
  0.000000000000000E+000
   1.00317363107045     
   2.00683533982558     
   3.00759284695222     
  0.000000000000000E+000
   1.00339896999097     
   2.00724990105664     
   3.00805775363146     
  0.000000000000000E+000
   1.00396122540746     
   2.00842581276339     
   3.00924216037093     
  0.000000000000000E+000
   1.00446379711332     
   2.00980139704846     
   3.01100420066232     
  0.000000000000000E+000
   1.00250058621299     
   2.00565350278302     
   3.00690142098324     
  0.000000000000000E+000
   1.00203805023566     
   2.00475279350440     
   3.00584517077783     
  0.000000000000000E+000
   1.00163940342974     
   2.00390080836149     
   3.00500608741165     
  0.000000000000000E+000
   1.00147554459332     
   2.00358665922996     
   3.00467572262282     
  0.000000000000000E+000
   1.00163940353629     
   2.00390080857902     
   3.00500608761627     
  0.000000000000000E+000
   1.00203805043695     
   2.00475279390844     
   3.00584517119452     
  0.000000000000000E+000
   1.00250058623961     
   2.00565350285789     
   3.00690142102339     
  0.000000000000000E+000
  0.999297545251577     
   2.00277478111642     
   3.00410335058126     
  0.000000000000000E+000
  0.998850157554525     
   2.00197550943074     
   3.00324630831593     
  0.000000000000000E+000
  0.998502262005224     
   2.00120947666937     
   3.00253035170391     
  0.000000000000000E+000
  0.998356408311574     
   2.00093373676160     
   3.00227682042942     
  0.000000000000000E+000
  0.998502262142396     
   2.00120947687370     
   3.00253035189569     
  0.000000000000000E+000
  0.998850157825814     
   2.00197550980897     
   3.00324630867679     
  0.000000000000000E+000
  0.999297545366070     
   2.00277478119960     
   3.00410335062987     
