   1.20000000000000     
   1.40000000000000     
  0.848528137423860     
  0.989949493661170     
  0.848528137423860     
  0.989949493661170     
  0.692820323027550     
  0.808290376865480     
  0.000000000000000E+000
  0.000000000000000E+000
  0.000000000000000E+000
  0.000000000000000E+000
  0.000000000000000E+000
  0.000000000000000E+000
   1.00000000000000     
   1.20000000000000     
  0.707106781186550     
  0.848528137423860     
  0.707106781186550     
  0.848528137423860     
  0.577350269189630     
  0.692820323027550     
  0.000000000000000E+000
  0.000000000000000E+000
  0.000000000000000E+000
  0.000000000000000E+000
  0.000000000000000E+000
  0.000000000000000E+000
