         187
         257
         262
         192
         192
         262
         267
         197
         197
         267
         272
         202
         202
         272
         277
         207
         207
         277
         282
         212
         212
         282
         287
         217
         217
         287
         292
         222
         222
         292
         297
         227
         227
         297
         302
         232
         232
         302
         307
         237
         237
         307
         312
         242
         242
         312
         317
         247
         247
         317
         322
         252
         257
         327
         332
         262
         262
         332
         337
         267
         267
         337
         342
         272
         272
         342
         347
         277
         277
         347
         352
         282
         282
         352
         357
         287
         287
         357
         362
         292
         292
         362
         367
         297
         297
         367
         372
         302
         302
         372
         377
         307
         307
         377
         382
         312
         312
         382
         387
         317
         317
         387
         392
         322
         327
         397
         402
         332
         332
         402
         407
         337
         337
         407
         412
         342
         342
         412
         417
         347
         347
         417
         422
         352
         352
         422
         427
         357
         357
         427
         432
         362
         362
         432
         437
         367
         367
         437
         442
         372
         372
         442
         447
         377
         377
         447
         452
         382
         382
         452
         457
         387
         387
         457
         462
         392
         397
         467
         472
         402
         402
         472
         477
         407
         407
         477
         482
         412
         412
         482
         487
         417
         417
         487
         492
         422
         422
         492
         497
         427
         427
         497
         502
         432
         432
         502
         507
         437
         437
         507
         512
         442
         442
         512
         517
         447
         447
         517
         522
         452
         452
         522
         527
         457
         457
         527
         532
         462
         467
         537
         542
         472
         472
         542
         547
         477
         477
         547
         552
         482
         482
         552
         557
         487
         487
         557
         562
         492
         492
         562
         567
         497
         497
         567
         572
         502
         502
         572
         577
         507
         507
         577
         582
         512
         512
         582
         587
         517
         517
         587
         592
         522
         522
         592
         597
         527
         527
         597
         602
         532
         537
         607
         612
         542
         542
         612
         617
         547
         547
         617
         622
         552
         552
         622
         627
         557
         557
         627
         632
         562
         562
         632
         637
         567
         567
         637
         642
         572
         572
         642
         647
         577
         577
         647
         652
         582
         582
         652
         657
         587
         587
         657
         662
         592
         592
         662
         667
         597
         597
         667
         672
         602
         607
         677
         682
         612
         612
         682
         687
         617
         617
         687
         692
         622
         622
         692
         697
         627
         627
         697
         702
         632
         632
         702
         707
         637
         637
         707
         712
         642
         642
         712
         717
         647
         647
         717
         722
         652
         652
         722
         727
         657
         657
         727
         732
         662
         662
         732
         737
         667
         667
         737
         742
         672
         677
         747
         752
         682
         682
         752
         757
         687
         687
         757
         762
         692
         692
         762
         767
         697
         697
         767
         772
         702
         702
         772
         777
         707
         707
         777
         782
         712
         712
         782
         787
         717
         717
         787
         792
         722
         722
         792
         797
         727
         727
         797
         802
         732
         732
         802
         807
         737
         737
         807
         812
         742
         747
         817
         822
         752
         752
         822
         827
         757
         757
         827
         832
         762
         762
         832
         837
         767
         767
         837
         842
         772
         772
         842
         847
         777
         777
         847
         852
         782
         782
         852
         857
         787
         787
         857
         862
         792
         792
         862
         867
         797
         797
         867
         872
         802
         802
         872
         877
         807
         807
         877
         882
         812
         817
         887
         892
         822
         822
         892
         897
         827
         827
         897
         902
         832
         832
         902
         907
         837
         837
         907
         912
         842
         842
         912
         917
         847
         847
         917
         922
         852
         852
         922
         927
         857
         857
         927
         932
         862
         862
         932
         937
         867
         867
         937
         942
         872
         872
         942
         947
         877
         877
         947
         952
         882
         887
         957
         962
         892
         892
         962
         967
         897
         897
         967
         972
         902
         902
         972
         977
         907
         907
         977
         982
         912
         912
         982
         987
         917
         917
         987
         992
         922
         922
         992
         997
         927
         927
         997
        1002
         932
         932
        1002
        1007
         937
         937
        1007
        1012
         942
         942
        1012
        1017
         947
         947
        1017
        1022
         952
         957
        1027
        1032
         962
         962
        1032
        1037
         967
         967
        1037
        1042
         972
         972
        1042
        1047
         977
         977
        1047
        1052
         982
         982
        1052
        1057
         987
         987
        1057
        1062
         992
         992
        1062
        1067
         997
         997
        1067
        1072
        1002
        1002
        1072
        1077
        1007
        1007
        1077
        1082
        1012
        1012
        1082
        1087
        1017
        1017
        1087
        1092
        1022
        1027
        1097
        1102
        1032
        1032
        1102
        1107
        1037
        1037
        1107
        1112
        1042
        1042
        1112
        1117
        1047
        1047
        1117
        1122
        1052
        1052
        1122
        1127
        1057
        1057
        1127
        1132
        1062
        1062
        1132
        1137
        1067
        1067
        1137
        1142
        1072
        1072
        1142
        1147
        1077
        1077
        1147
        1152
        1082
        1082
        1152
        1157
        1087
        1087
        1157
        1162
        1092
        1215
        1216
        1281
        1280
        1216
        1217
        1282
        1281
        1217
        1218
        1283
        1282
        1218
        1219
        1284
        1283
        1219
        1220
        1285
        1284
        1220
        1221
        1286
        1285
        1221
        1222
        1287
        1286
        1222
        1223
        1288
        1287
        1223
        1224
        1289
        1288
        1224
        1225
        1290
        1289
        1225
        1226
        1291
        1290
        1226
        1227
        1292
        1291
         252
         322
        1292
        1227
        1280
        1281
        1346
        1345
        1281
        1282
        1347
        1346
        1282
        1283
        1348
        1347
        1283
        1284
        1349
        1348
        1284
        1285
        1350
        1349
        1285
        1286
        1351
        1350
        1286
        1287
        1352
        1351
        1287
        1288
        1353
        1352
        1288
        1289
        1354
        1353
        1289
        1290
        1355
        1354
        1290
        1291
        1356
        1355
        1291
        1292
        1357
        1356
         322
         392
        1357
        1292
        1345
        1346
        1411
        1410
        1346
        1347
        1412
        1411
        1347
        1348
        1413
        1412
        1348
        1349
        1414
        1413
        1349
        1350
        1415
        1414
        1350
        1351
        1416
        1415
        1351
        1352
        1417
        1416
        1352
        1353
        1418
        1417
        1353
        1354
        1419
        1418
        1354
        1355
        1420
        1419
        1355
        1356
        1421
        1420
        1356
        1357
        1422
        1421
         392
         462
        1422
        1357
        1410
        1411
        1476
        1475
        1411
        1412
        1477
        1476
        1412
        1413
        1478
        1477
        1413
        1414
        1479
        1478
        1414
        1415
        1480
        1479
        1415
        1416
        1481
        1480
        1416
        1417
        1482
        1481
        1417
        1418
        1483
        1482
        1418
        1419
        1484
        1483
        1419
        1420
        1485
        1484
        1420
        1421
        1486
        1485
        1421
        1422
        1487
        1486
         462
         532
        1487
        1422
        1475
        1476
        1541
        1540
        1476
        1477
        1542
        1541
        1477
        1478
        1543
        1542
        1478
        1479
        1544
        1543
        1479
        1480
        1545
        1544
        1480
        1481
        1546
        1545
        1481
        1482
        1547
        1546
        1482
        1483
        1548
        1547
        1483
        1484
        1549
        1548
        1484
        1485
        1550
        1549
        1485
        1486
        1551
        1550
        1486
        1487
        1552
        1551
         532
         602
        1552
        1487
        1540
        1541
        1606
        1605
        1541
        1542
        1607
        1606
        1542
        1543
        1608
        1607
        1543
        1544
        1609
        1608
        1544
        1545
        1610
        1609
        1545
        1546
        1611
        1610
        1546
        1547
        1612
        1611
        1547
        1548
        1613
        1612
        1548
        1549
        1614
        1613
        1549
        1550
        1615
        1614
        1550
        1551
        1616
        1615
        1551
        1552
        1617
        1616
         602
         672
        1617
        1552
        1605
        1606
        1671
        1670
        1606
        1607
        1672
        1671
        1607
        1608
        1673
        1672
        1608
        1609
        1674
        1673
        1609
        1610
        1675
        1674
        1610
        1611
        1676
        1675
        1611
        1612
        1677
        1676
        1612
        1613
        1678
        1677
        1613
        1614
        1679
        1678
        1614
        1615
        1680
        1679
        1615
        1616
        1681
        1680
        1616
        1617
        1682
        1681
         672
         742
        1682
        1617
        1670
        1671
        1736
        1735
        1671
        1672
        1737
        1736
        1672
        1673
        1738
        1737
        1673
        1674
        1739
        1738
        1674
        1675
        1740
        1739
        1675
        1676
        1741
        1740
        1676
        1677
        1742
        1741
        1677
        1678
        1743
        1742
        1678
        1679
        1744
        1743
        1679
        1680
        1745
        1744
        1680
        1681
        1746
        1745
        1681
        1682
        1747
        1746
         742
         812
        1747
        1682
        1735
        1736
        1801
        1800
        1736
        1737
        1802
        1801
        1737
        1738
        1803
        1802
        1738
        1739
        1804
        1803
        1739
        1740
        1805
        1804
        1740
        1741
        1806
        1805
        1741
        1742
        1807
        1806
        1742
        1743
        1808
        1807
        1743
        1744
        1809
        1808
        1744
        1745
        1810
        1809
        1745
        1746
        1811
        1810
        1746
        1747
        1812
        1811
         812
         882
        1812
        1747
        1800
        1801
        1866
        1865
        1801
        1802
        1867
        1866
        1802
        1803
        1868
        1867
        1803
        1804
        1869
        1868
        1804
        1805
        1870
        1869
        1805
        1806
        1871
        1870
        1806
        1807
        1872
        1871
        1807
        1808
        1873
        1872
        1808
        1809
        1874
        1873
        1809
        1810
        1875
        1874
        1810
        1811
        1876
        1875
        1811
        1812
        1877
        1876
         882
         952
        1877
        1812
        1865
        1866
        1931
        1930
        1866
        1867
        1932
        1931
        1867
        1868
        1933
        1932
        1868
        1869
        1934
        1933
        1869
        1870
        1935
        1934
        1870
        1871
        1936
        1935
        1871
        1872
        1937
        1936
        1872
        1873
        1938
        1937
        1873
        1874
        1939
        1938
        1874
        1875
        1940
        1939
        1875
        1876
        1941
        1940
        1876
        1877
        1942
        1941
         952
        1022
        1942
        1877
        1930
        1931
        1996
        1995
        1931
        1932
        1997
        1996
        1932
        1933
        1998
        1997
        1933
        1934
        1999
        1998
        1934
        1935
        2000
        1999
        1935
        1936
        2001
        2000
        1936
        1937
        2002
        2001
        1937
        1938
        2003
        2002
        1938
        1939
        2004
        2003
        1939
        1940
        2005
        2004
        1940
        1941
        2006
        2005
        1941
        1942
        2007
        2006
        1022
        1092
        2007
        1942
        1995
        1996
        2061
        2060
        1996
        1997
        2062
        2061
        1997
        1998
        2063
        2062
        1998
        1999
        2064
        2063
        1999
        2000
        2065
        2064
        2000
        2001
        2066
        2065
        2001
        2002
        2067
        2066
        2002
        2003
        2068
        2067
        2003
        2004
        2069
        2068
        2004
        2005
        2070
        2069
        2005
        2006
        2071
        2070
        2006
        2007
        2072
        2071
        1092
        1162
        2072
        2007
        2749
        2762
        2763
        2750
        2750
        2763
        2764
        2751
        2751
        2764
        2765
        2752
        2752
        2765
        2766
        2753
        2753
        2766
        2767
        2754
        2754
        2767
        2768
        2755
        2755
        2768
        2769
        2756
        2756
        2769
        2770
        2757
        2757
        2770
        2771
        2758
        2758
        2771
        2772
        2759
        2759
        2772
        2773
        2760
        2760
        2773
        2774
        2761
        1097
        2761
        2774
        1102
        2762
        2775
        2776
        2763
        2763
        2776
        2777
        2764
        2764
        2777
        2778
        2765
        2765
        2778
        2779
        2766
        2766
        2779
        2780
        2767
        2767
        2780
        2781
        2768
        2768
        2781
        2782
        2769
        2769
        2782
        2783
        2770
        2770
        2783
        2784
        2771
        2771
        2784
        2785
        2772
        2772
        2785
        2786
        2773
        2773
        2786
        2787
        2774
        1102
        2774
        2787
        1107
        2775
        2788
        2789
        2776
        2776
        2789
        2790
        2777
        2777
        2790
        2791
        2778
        2778
        2791
        2792
        2779
        2779
        2792
        2793
        2780
        2780
        2793
        2794
        2781
        2781
        2794
        2795
        2782
        2782
        2795
        2796
        2783
        2783
        2796
        2797
        2784
        2784
        2797
        2798
        2785
        2785
        2798
        2799
        2786
        2786
        2799
        2800
        2787
        1107
        2787
        2800
        1112
        2788
        2801
        2802
        2789
        2789
        2802
        2803
        2790
        2790
        2803
        2804
        2791
        2791
        2804
        2805
        2792
        2792
        2805
        2806
        2793
        2793
        2806
        2807
        2794
        2794
        2807
        2808
        2795
        2795
        2808
        2809
        2796
        2796
        2809
        2810
        2797
        2797
        2810
        2811
        2798
        2798
        2811
        2812
        2799
        2799
        2812
        2813
        2800
        1112
        2800
        2813
        1117
        2801
        2814
        2815
        2802
        2802
        2815
        2816
        2803
        2803
        2816
        2817
        2804
        2804
        2817
        2818
        2805
        2805
        2818
        2819
        2806
        2806
        2819
        2820
        2807
        2807
        2820
        2821
        2808
        2808
        2821
        2822
        2809
        2809
        2822
        2823
        2810
        2810
        2823
        2824
        2811
        2811
        2824
        2825
        2812
        2812
        2825
        2826
        2813
        1117
        2813
        2826
        1122
        2814
        2827
        2828
        2815
        2815
        2828
        2829
        2816
        2816
        2829
        2830
        2817
        2817
        2830
        2831
        2818
        2818
        2831
        2832
        2819
        2819
        2832
        2833
        2820
        2820
        2833
        2834
        2821
        2821
        2834
        2835
        2822
        2822
        2835
        2836
        2823
        2823
        2836
        2837
        2824
        2824
        2837
        2838
        2825
        2825
        2838
        2839
        2826
        1122
        2826
        2839
        1127
        2827
        2840
        2841
        2828
        2828
        2841
        2842
        2829
        2829
        2842
        2843
        2830
        2830
        2843
        2844
        2831
        2831
        2844
        2845
        2832
        2832
        2845
        2846
        2833
        2833
        2846
        2847
        2834
        2834
        2847
        2848
        2835
        2835
        2848
        2849
        2836
        2836
        2849
        2850
        2837
        2837
        2850
        2851
        2838
        2838
        2851
        2852
        2839
        1127
        2839
        2852
        1132
        2840
        2853
        2854
        2841
        2841
        2854
        2855
        2842
        2842
        2855
        2856
        2843
        2843
        2856
        2857
        2844
        2844
        2857
        2858
        2845
        2845
        2858
        2859
        2846
        2846
        2859
        2860
        2847
        2847
        2860
        2861
        2848
        2848
        2861
        2862
        2849
        2849
        2862
        2863
        2850
        2850
        2863
        2864
        2851
        2851
        2864
        2865
        2852
        1132
        2852
        2865
        1137
        2853
        2866
        2867
        2854
        2854
        2867
        2868
        2855
        2855
        2868
        2869
        2856
        2856
        2869
        2870
        2857
        2857
        2870
        2871
        2858
        2858
        2871
        2872
        2859
        2859
        2872
        2873
        2860
        2860
        2873
        2874
        2861
        2861
        2874
        2875
        2862
        2862
        2875
        2876
        2863
        2863
        2876
        2877
        2864
        2864
        2877
        2878
        2865
        1137
        2865
        2878
        1142
        2866
        2879
        2880
        2867
        2867
        2880
        2881
        2868
        2868
        2881
        2882
        2869
        2869
        2882
        2883
        2870
        2870
        2883
        2884
        2871
        2871
        2884
        2885
        2872
        2872
        2885
        2886
        2873
        2873
        2886
        2887
        2874
        2874
        2887
        2888
        2875
        2875
        2888
        2889
        2876
        2876
        2889
        2890
        2877
        2877
        2890
        2891
        2878
        1142
        2878
        2891
        1147
        2879
        2892
        2893
        2880
        2880
        2893
        2894
        2881
        2881
        2894
        2895
        2882
        2882
        2895
        2896
        2883
        2883
        2896
        2897
        2884
        2884
        2897
        2898
        2885
        2885
        2898
        2899
        2886
        2886
        2899
        2900
        2887
        2887
        2900
        2901
        2888
        2888
        2901
        2902
        2889
        2889
        2902
        2903
        2890
        2890
        2903
        2904
        2891
        1147
        2891
        2904
        1152
        2892
        2905
        2906
        2893
        2893
        2906
        2907
        2894
        2894
        2907
        2908
        2895
        2895
        2908
        2909
        2896
        2896
        2909
        2910
        2897
        2897
        2910
        2911
        2898
        2898
        2911
        2912
        2899
        2899
        2912
        2913
        2900
        2900
        2913
        2914
        2901
        2901
        2914
        2915
        2902
        2902
        2915
        2916
        2903
        2903
        2916
        2917
        2904
        1152
        2904
        2917
        1157
        2060
        2061
        2906
        2905
        2061
        2062
        2907
        2906
        2062
        2063
        2908
        2907
        2063
        2064
        2909
        2908
        2064
        2065
        2910
        2909
        2065
        2066
        2911
        2910
        2066
        2067
        2912
        2911
        2067
        2068
        2913
        2912
        2068
        2069
        2914
        2913
        2069
        2070
        2915
        2914
        2070
        2071
        2916
        2915
        2071
        2072
        2917
        2916
        1157
        2917
        2072
        1162
