           0
           3
          18
          15
           3
           6
          21
          18
           6
           9
          24
          21
           9
          12
          27
          24
          15
          18
          33
          30
          18
          21
          36
          33
          21
          24
          39
          36
          24
          27
          42
          39
          30
          33
          48
          45
          33
          36
          51
          48
          36
          39
          54
          51
          39
          42
          57
          54
          45
          48
          63
          60
          48
          51
          66
          63
          51
          54
          69
          66
          54
          57
          72
          69
          75
          87
          88
          76
          76
          88
          89
          77
          77
          89
          90
          78
          12
          78
          90
          27
          87
          99
         100
          88
          88
         100
         101
          89
          89
         101
         102
          90
          27
          90
         102
          42
          99
         111
         112
         100
         100
         112
         113
         101
         101
         113
         114
         102
          42
         102
         114
          57
         111
         123
         124
         112
         112
         124
         125
         113
         113
         125
         126
         114
          57
         114
         126
          72
         135
         136
         140
         139
         136
         137
         141
         140
         137
         138
         142
         141
          60
          63
         142
         138
         139
         140
         144
         143
         140
         141
         145
         144
         141
         142
         146
         145
          63
          66
         146
         142
         143
         144
         148
         147
         144
         145
         149
         148
         145
         146
         150
         149
          66
          69
         150
         146
         123
         147
         148
         124
         124
         148
         149
         125
         125
         149
         150
         126
          69
          72
         126
         150
