   1.20000000000000     
   1.30000000000000     
   1.40000000000000     
   1.17694239253510     
   1.27232049365560     
   1.37309945795760     
   1.10865543901350     
   1.19752708516880     
   1.29343134551580     
  0.997763375142490     
   1.07835335340130     
   1.16405727099960     
  0.848528137423860     
  0.919238815542510     
  0.989949493661170     
   1.17694239253510     
   1.27232049365560     
   1.37309945795760     
   1.15500154555810     
   1.24609667229050     
   1.34750180315110     
   1.08880110830890     
   1.17397669437170     
   1.27026795969370     
  0.981086521484930     
   1.05875082244130     
   1.14460094173240     
  0.838504040081140     
  0.907175091077220     
  0.978254713427990     
   1.10865543901350     
   1.19752708516880     
   1.29343134551580     
   1.08880110830890     
   1.17397669437170     
   1.27026795969370     
   1.02983065024250     
   1.10991210955260     
   1.20146909194960     
  0.934229071431020     
   1.00783112749960     
   1.08993391666950     
  0.808664806414860     
  0.874470599608220     
  0.943442274150670     
  0.997763375142490     
   1.07835335340130     
   1.16405727099960     
  0.981086521484930     
   1.05875082244130     
   1.14460094173240     
  0.934229071431020     
   1.00783112749960     
   1.08993391666950     
  0.858976562436510     
  0.927389055167300     
   1.00213932284260     
  0.759715583186840     
  0.821859869012400     
  0.886334847051310     
  0.848528137423860     
  0.919238815542510     
  0.989949493661170     
  0.838504040081140     
  0.907175091077220     
  0.978254713427990     
  0.808664806414860     
  0.874470599608220     
  0.943442274150670     
  0.759715583186840     
  0.821859869012400     
  0.886334847051310     
  0.692820323027550     
  0.750555349946510     
  0.808290376865480     
  0.000000000000000E+000
  0.234108104630540     
  0.459220118838110     
  0.666684518512520     
  0.000000000000000E+000
  0.252701443754980     
  0.496031959986030     
  0.720979544411710     
  0.000000000000000E+000
  0.273126122068960     
  0.535756805311130     
  0.777798604931270     
  0.000000000000000E+000
  0.230186261273880     
  0.453940157465900     
  0.660080882965670     
  0.000000000000000E+000
  0.248164410558770     
  0.489571132820940     
  0.712710677190150     
  0.000000000000000E+000
  0.268550638152860     
  0.529596850376880     
  0.770094363459950     
  0.000000000000000E+000
  0.220114697340140     
  0.435573663012940     
  0.635138310047730     
  0.000000000000000E+000
  0.237273013073610     
  0.469609963480810     
  0.685480636435140     
  0.000000000000000E+000
  0.256800480230160     
  0.508169273515100     
  0.740994695055690     
  0.000000000000000E+000
  0.204358668286540     
  0.404741113803440     
  0.592519731816910     
  0.000000000000000E+000
  0.220484682953970     
  0.436758921619210     
  0.639952697022820     
  0.000000000000000E+000
  0.238418446334300     
  0.472197966104010     
  0.691273020453060     
  0.000000000000000E+000
  0.183907448286430     
  0.363486535833220     
  0.534475879087320     
  0.000000000000000E+000
  0.198787136996560     
  0.393065564889350     
  0.578396342477240     
  0.000000000000000E+000
  0.214558689667500     
  0.424067625138760     
  0.623555192268540     
  0.000000000000000E+000
  0.234108104630540     
  0.459220118838110     
  0.666684518512520     
  0.000000000000000E+000
  0.230186261273880     
  0.453940157465900     
  0.660080882965670     
  0.000000000000000E+000
  0.220114697340140     
  0.435573663012940     
  0.635138310047730     
  0.000000000000000E+000
  0.204358668286540     
  0.404741113803440     
  0.592519731816910     
  0.000000000000000E+000
  0.252701443754980     
  0.496031959986030     
  0.720979544411710     
  0.000000000000000E+000
  0.248164410558770     
  0.489571132820940     
  0.712710677190150     
  0.000000000000000E+000
  0.237273013073610     
  0.469609963480810     
  0.685480636435140     
  0.000000000000000E+000
  0.220484682953970     
  0.436758921619210     
  0.639952697022820     
  0.000000000000000E+000
  0.273126122068960     
  0.535756805311130     
  0.777798604931270     
  0.000000000000000E+000
  0.268550638152860     
  0.529596850376880     
  0.770094363459950     
  0.000000000000000E+000
  0.256800480230160     
  0.508169273515100     
  0.740994695055690     
  0.000000000000000E+000
  0.238418446334300     
  0.472197966104010     
  0.691273020453060     
   1.00000000000000     
   1.05000000000000     
   1.10000000000000     
   1.15000000000000     
   1.20000000000000     
  0.998175625547480     
   1.04730793663210     
   1.09695789451190     
   1.14712549918690     
   1.19781075065700     
  0.992709082521140     
   1.04092817758330     
   1.09009151202140     
   1.14019908583540     
   1.19125089902540     
  0.983620249310360     
   1.03088084972270     
   1.07942172483720     
   1.12924287465370     
   1.18034429917240     
  0.970942239697780     
   1.01719948075530     
   1.06498330243100     
   1.11429370472510     
   1.16513068763730     
  0.954721256231640     
  0.999930850761140     
   1.04682475747870     
   1.09540297638430     
   1.14566550747800     
  0.935016425056920     
  0.979134824962050     
   1.02500817243230     
   1.07263646746770     
   1.12201971006830     
  0.911899634918590     
  0.954884190384980     
  0.999609030037730     
   1.04607415387680     
   1.09427956190230     
  0.885455416873040     
  0.927264535379180     
  0.970716088776990     
   1.01581007706650     
   1.06254650024760     
  0.855780359455920     
  0.896373655509660     
  0.938430766176110     
  0.981951691455250     
   1.02693643134710     
  0.822982786946010     
  0.862321228945040     
  0.902866802509580     
  0.944619507639640     
  0.987579344335210     
  0.787182414215750     
  0.825228467320970     
  0.864149898829900     
  0.903946708742550     
  0.944618897058900     
  0.748509964826640     
  0.785227727997980     
  0.822417314549320     
  0.860078724480640     
  0.898211957791970     
  0.707106781186550     
  0.742462120245880     
  0.777817459305200     
  0.813172798364530     
  0.848528137423860     
  0.998175625547480     
   1.04730793663210     
   1.09695789451190     
   1.14712549918690     
   1.19781075065700     
  0.996378271403260     
   1.04465365537950     
   1.09395632252140     
   1.14428887767450     
   1.19565392568390     
  0.990958491232820     
   1.03833739268320     
   1.08715912529420     
   1.13742846543610     
   1.18915018947940     
  0.981919616306650     
   1.02836263506840     
   1.07656998428730     
   1.12654813033130     
   1.17830353956800     
  0.969282202737650     
   1.01475015398370     
   1.06221045020530     
   1.11167073282990     
   1.16313864328520     
  0.953085062699350     
  0.997539010945820     
   1.04412097139210     
   1.09283923062700     
   1.14370207523920     
  0.933386043594210     
  0.976787315446660     
   1.02236166867920     
   1.07011751154900     
   1.12006325231310     
  0.910262510125770     
  0.952572692088610     
  0.997012812291290     
   1.04359090691750     
   1.09231501215090     
  0.883811510599960     
  0.924992441938070     
  0.968174986513900     
   1.01336636866280     
   1.06057381271990     
  0.854149113028350     
  0.894162874032230     
  0.935968397780300     
  0.979571734803820     
   1.02497893563400     
  0.821409579099770     
  0.860218490252100     
  0.900532036739520     
  0.942354833362050     
  0.985691494919730     
  0.785744108626830     
  0.823310749178990     
  0.862022408673830     
  0.901882123576510     
  0.942892930352190     
  0.747319164336000     
  0.783606417829720     
  0.820611841117870     
  0.858336884231890     
  0.896782997203210     
  0.706314448434090     
  0.741285585725570     
  0.776486446437190     
  0.811917030568980     
  0.847577338120910     
  0.992709082521140     
   1.04092817758330     
   1.09009151202140     
   1.14019908583540     
   1.19125089902540     
  0.990958491232820     
   1.03833739268320     
   1.08715912529420     
   1.13742846543610     
   1.18915018947940     
  0.985628728349990     
   1.03213291273270     
   1.08048275875510     
   1.13068702599250     
   1.18275447402000     
  0.976708480569400     
   1.02230351825870     
   1.07005090741120     
   1.11996250717130     
   1.17205017668330     
  0.964207016698680     
   1.00885854036300     
   1.05587327398890     
   1.10526522980460     
   1.15704842003840     
  0.948156274433100     
  0.991829899767680     
   1.03798285701540     
   1.08663033669360     
   1.13778752931970     
  0.928612486578460     
  0.971273694609520     
   1.01643757632370     
   1.06411953749420     
   1.11433498389410     
  0.905657226324030     
  0.947271219768980     
  0.991321316103270     
   1.03782222886410     
   1.08678867158880     
  0.879397791520220     
  0.919929342671860     
  0.962744309668650     
   1.00785590716720     
   1.05527734982430     
  0.849966404991090     
  0.889379704498140     
  0.930842314913310     
  0.974365290616930     
   1.01995968598930     
  0.817518841915270     
  0.855777372563760     
  0.895775231550150     
  0.937520837814860     
  0.981022610298330     
  0.782232249957110     
  0.819298702777020     
  0.857724908928350     
  0.897516398091910     
  0.938678699948530     
  0.744302215265700     
  0.780138463641930     
  0.816892196985070     
  0.854566050231810     
  0.893162658318840     
  0.703939212514040     
  0.738506361748060     
  0.773493385243200     
  0.808900282999460     
  0.844727055016850     
  0.983620249310360     
   1.03088084972270     
   1.07942172483720     
   1.12924287465370     
   1.18034429917240     
  0.981919616306650     
   1.02836263506840     
   1.07656998428730     
   1.12654813033130     
   1.17830353956800     
  0.976708480569400     
   1.02230351825870     
   1.07005090741120     
   1.11996250717130     
   1.17205017668330     
  0.967963545646670     
   1.01268025087910     
   1.05984056820170     
   1.10946055152920     
   1.16155625477600     
  0.955684657642140     
  0.999492620752890     
   1.04593878756720     
   1.09504212230110     
   1.14682158917060     
  0.939897761065590     
  0.982766342294190     
   1.02837209397640     
   1.07673556725650     
   1.12787731327870     
  0.920657222639340     
  0.962555327809550     
   1.00719604960040     
   1.05460021904270     
   1.10478866716720     
  0.898047330405910     
  0.938943151847320     
  0.982496749648080     
   1.02872800434810     
   1.07765679648710     
  0.872182829391070     
  0.912043576044300     
  0.954391360147150     
  0.999244020341510     
   1.04661939526930     
  0.843207968076600     
  0.881999602028560     
  0.923027142207410     
  0.966305493724680     
   1.01184956169190     
  0.811294612916130     
  0.848981623822900     
  0.888579557595570     
  0.930099749674330     
  0.973553535499360     
  0.776639238220700     
  0.813184480306650     
  0.851249247408730     
  0.890840971827830     
  0.931967085864840     
  0.739458896647190     
  0.774823510440860     
  0.811257988972810     
  0.848765866174300     
  0.887350675976630     
  0.699986382804470     
  0.734129824058670     
  0.768843850570220     
  0.804128462339120     
  0.839983659365370     
  0.970942239697780     
   1.01719948075530     
   1.06498330243100     
   1.11429370472510     
   1.16513068763730     
  0.969282202737650     
   1.01475015398370     
   1.06221045020530     
   1.11167073282990     
   1.16313864328520     
  0.964207016698680     
   1.00885854036300     
   1.05587327398890     
   1.10526522980460     
   1.15704842003840     
  0.955684657642140     
  0.999492620752890     
   1.04593878756720     
   1.09504212230110     
   1.14682158917060     
  0.943707883507360     
  0.986644995900210     
   1.03239936640760     
   1.08099338964020     
   1.13244946020880     
  0.928297815298190     
  0.970336389417020     
   1.01527633625430     
   1.06314191337850     
   1.11395737835780     
  0.909506762280880     
  0.950618410440380     
  0.994622802974490     
   1.04154451327580     
   1.09140811473710     
  0.887420040061610     
  0.927575330850600     
  0.970525472717520     
   1.01629390025960     
   1.06490404807390     
  0.862156595399010     
  0.901324698031080     
  0.943105279998850     
  0.987519349436660     
   1.03458791447880     
  0.833867919388570     
  0.872016259286160     
  0.912516280993510     
  0.955385517867820     
   1.00064150326630     
  0.802735755058540     
  0.839829717542970     
  0.878943353142840     
  0.920089977453480     
  0.963282906070250     
  0.768968449777710     
  0.804971161931200     
  0.842598537269080     
  0.881859291350170     
  0.922762139733260     
  0.732796105993560     
  0.767668323394150     
  0.803716176003980     
  0.840943798908280     
  0.879355327192270     
  0.694464807854990     
  0.728164931813880     
  0.762547133395340     
  0.797611412599370     
  0.833357769425990     
  0.954721256231640     
  0.999930850761140     
   1.04682475747870     
   1.09540297638430     
   1.14566550747800     
  0.953085062699350     
  0.997539010945820     
   1.04412097139210     
   1.09283923062700     
   1.14370207523920     
  0.948156274433100     
  0.991829899767680     
   1.03798285701540     
   1.08663033669360     
   1.13778752931970     
  0.939897761065590     
  0.982766342294190     
   1.02837209397640     
   1.07673556725650     
   1.12787731327870     
  0.928297815298190     
  0.970336389417020     
   1.01527633625430     
   1.06314191337850     
   1.11395737835780     
  0.913374075273860     
  0.954557155183800     
  0.998713143532450     
   1.04586830151550     
   1.09604889032860     
  0.895176622189800     
  0.935477846549960     
  0.978733084897040     
   1.02496892300000     
   1.07421194662780     
  0.873789966064990     
  0.913181705236810     
  0.955421727881280     
   1.00053536792090     
   1.04854795927800     
  0.849333704315220     
  0.887786653987010     
  0.928900301025750     
  0.972697334924980     
   1.01920044517830     
  0.821961355290890     
  0.859444144750980     
  0.899324509670170     
  0.941621365164260     
  0.986353626349060     
  0.791857822827500     
  0.828336677729730     
  0.866881993478050     
  0.907508115042470     
  0.950229387393000     
  0.759235379621630     
  0.794673872342050     
  0.831788300591800     
  0.870588037337550     
  0.911082455545950     
  0.724328355973510     
  0.758687272734270     
  0.794281565537110     
  0.831115671356830     
  0.869194027168210     
  0.687386853067290     
  0.720624204982870     
  0.754616217390310     
  0.789362890289600     
  0.824864223680750     
  0.935016425056920     
  0.979134824962050     
   1.02500817243230     
   1.07263646746770     
   1.12201971006830     
  0.933386043594210     
  0.976787315446660     
   1.02236166867920     
   1.07011751154900     
   1.12006325231310     
  0.928612486578460     
  0.971273694609520     
   1.01643757632370     
   1.06411953749420     
   1.11433498389410     
  0.920657222639340     
  0.962555327809550     
   1.00719604960040     
   1.05460021904270     
   1.10478866716720     
  0.909506762280880     
  0.950618410440380     
  0.994622802974490     
   1.04154451327580     
   1.09140811473710     
  0.895176622189800     
  0.935477846549960     
  0.978733084897040     
   1.02496892300000     
   1.07421194662780     
  0.877714454640400     
  0.917180310011960     
  0.959574813814690     
   1.00492486076230     
   1.05325734556850     
  0.857202046485590     
  0.895806199675370     
  0.937230580961900     
  0.981500797334550     
   1.02864245578270     
  0.833755965151380     
  0.871470273564100     
  0.911818300662260     
  0.954822958262550     
   1.00050715818170     
  0.807526388536390     
  0.844320495012580     
  0.883490024565660     
  0.925054055530930     
  0.969031666243670     
  0.778694524623290     
  0.814535508644040     
  0.852429355371660     
  0.892390512956260     
  0.934433429547940     
  0.747468535216010     
  0.782320654128610     
  0.818847362767250     
  0.857058084391080     
  0.896962242259210     
  0.714078160586460     
  0.747902710457000     
  0.782977199095590     
  0.819306076508940     
  0.856893792703760     
  0.678768373767440     
  0.711523697083330     
  0.745067750647540     
  0.779400534460070     
  0.814522048520930     
  0.911899634918590     
  0.954884190384980     
  0.999609030037730     
   1.04607415387680     
   1.09427956190230     
  0.910262510125770     
  0.952572692088610     
  0.997012812291290     
   1.04359090691750     
   1.09231501215090     
  0.905657226324030     
  0.947271219768980     
  0.991321316103270     
   1.03782222886410     
   1.08678867158880     
  0.898047330405910     
  0.938943151847320     
  0.982496749648080     
   1.02872800434810     
   1.07765679648710     
  0.887420040061610     
  0.927575330850600     
  0.970525472717520     
   1.01629390025960     
   1.06490404807390     
  0.873789966064990     
  0.913181705236810     
  0.955421727881280     
   1.00053536792090     
   1.04854795927800     
  0.857202046485590     
  0.895806199675370     
  0.937230580961900     
  0.981500797334550     
   1.02864245578270     
  0.837733416538870     
  0.875524543999860     
  0.916029794596890     
  0.959273526991860     
   1.00528009984660     
  0.815494006065310     
  0.852444860003230     
  0.891930430004230     
  0.933972488339030     
  0.978592807278370     
  0.790625449562130     
  0.826706587323930     
  0.865075743428400     
  0.905751025077850     
  0.948750539474560     
  0.763298663240730     
  0.798478114162600     
  0.835638758662400     
  0.874794288613400     
  0.915958395888870     
  0.733710017512620     
  0.767953035271140     
  0.803818433529220     
  0.841315124654630     
  0.880452021015150     
  0.702076287331760     
  0.735345215938360     
  0.769834603496580     
  0.805548647338980     
  0.842491544798120     
  0.668628685128640     
  0.700882964583080     
  0.733922013905510     
  0.767745833095940     
  0.802354422154370     
  0.885455416873040     
  0.927264535379180     
  0.970716088776990     
   1.01581007706650     
   1.06254650024760     
  0.883811510599960     
  0.924992441938080     
  0.968174986513900     
   1.01336636866280     
   1.06057381271990     
  0.879397791520220     
  0.919929342671860     
  0.962744309668650     
   1.00785590716720     
   1.05527734982430     
  0.872182829391070     
  0.912043576044300     
  0.954391360147150     
  0.999244020341510     
   1.04661939526930     
  0.862156595399010     
  0.901324698031080     
  0.943105279998850     
  0.987519349436660     
   1.03458791447880     
  0.849333704315220     
  0.887786653987010     
  0.928900301025750     
  0.972697334924980     
   1.01920044517830     
  0.833755965151380     
  0.871470273564100     
  0.911818300662260     
  0.954822958262550     
   1.00050715818170     
  0.815494006065310     
  0.852444860003230     
  0.891930430004230     
  0.933972488339030     
  0.978592807278370     
  0.794647797848100     
  0.830808704429100     
  0.869337641272890     
  0.910254046296690     
  0.953577357417720     
  0.771345719451920     
  0.806688165069390     
  0.844169741814520     
  0.883806593350940     
  0.925614863342300     
  0.745742467771670     
  0.780235623975670     
  0.816583300826200     
  0.854797684538050     
  0.894890961326000     
  0.718015743458500     
  0.751626247788390     
  0.786758331182870     
  0.823419907888080     
  0.861618892150200     
  0.688361860480340     
  0.721053697286820     
  0.754893894716440     
  0.789886168052030     
  0.826034232576410     
  0.656990532300400     
  0.688725037236030     
  0.721202889957920     
  0.754424090466070     
  0.788388638760480     
  0.855780359455920     
  0.896373655509660     
  0.938430766176110     
  0.981951691455250     
   1.02693643134710     
  0.854149113028350     
  0.894162874032230     
  0.935968397780300     
  0.979571734803820     
   1.02497893563400     
  0.849966404991090     
  0.889379704498140     
  0.930842314913310     
  0.974365290616930     
   1.01995968598930     
  0.843207968076600     
  0.881999602028560     
  0.923027142207410     
  0.966305493724680     
   1.01184956169190     
  0.833867919388570     
  0.872016259286160     
  0.912516280993510     
  0.955385517867820     
   1.00064150326630     
  0.821961355290890     
  0.859444144750980     
  0.899324509670170     
  0.941621365164260     
  0.986353626349060     
  0.807526388536390     
  0.844320495012580     
  0.883490024565660     
  0.925054055530930     
  0.969031666243670     
  0.790625449562130     
  0.826706587323930     
  0.865075743428400     
  0.905751025077850     
  0.948750539474560     
  0.771345719451920     
  0.806688165069390     
  0.844169741814520     
  0.883806593350940     
  0.925614863342300     
  0.749798403075340     
  0.784374721141410     
  0.820884516664420     
  0.859341175546650     
  0.899758083690410     
  0.726117092544310     
  0.759897898727490     
  0.795355348110660     
  0.832499524337870     
  0.871340511053170     
  0.700455150609370     
  0.733408934730830     
  0.767737680829660     
  0.803447919348820     
  0.840546180731240     
  0.672982215691310     
  0.705075245475930     
  0.738203627072640     
  0.772370413763260     
  0.807578658829570     
  0.643880013104120     
  0.675076338941340     
  0.706937781323890     
  0.739464340251760     
  0.772656015724940     
  0.822982786946010     
  0.862321228945040     
  0.902866802509580     
  0.944619507639640     
  0.987579344335210     
  0.821409579099770     
  0.860218490252100     
  0.900532036739520     
  0.942354833362050     
  0.985691494919730     
  0.817518841915270     
  0.855777372563760     
  0.895775231550150     
  0.937520837814860     
  0.981022610298330     
  0.811294612916130     
  0.848981623822900     
  0.888579557595570     
  0.930099749674330     
  0.973553535499360     
  0.802735755058540     
  0.839829717542970     
  0.878943353142840     
  0.920089977453480     
  0.963282906070250     
  0.791857822827500     
  0.828336677729730     
  0.866881993478050     
  0.907508115042470     
  0.950229387393000     
  0.778694524623290     
  0.814535508644040     
  0.852429355371660     
  0.892390512956260     
  0.934433429547940     
  0.763298663240730     
  0.798478114162600     
  0.835638758662400     
  0.874794288613400     
  0.915958395888870     
  0.745742467771670     
  0.780235623975670     
  0.816583300826200     
  0.854797684538050     
  0.894890961326000     
  0.726117092544310     
  0.759897898727490     
  0.795355348110660     
  0.832499524337870     
  0.871340511053170     
  0.704531482944720     
  0.737572422160760     
  0.772065400771510     
  0.808017994616100     
  0.845437779533660     
  0.681110536531260     
  0.713382505096200     
  0.746840253612180     
  0.781488670414270     
  0.817332643837520     
  0.655992615086340     
  0.687464855750940     
  0.719820507679460     
  0.753061844065740     
  0.787191138103610     
  0.629326521676550     
  0.659966631189980     
  0.691157551750340     
  0.722899283357640     
  0.755191826011860     
  0.787182414215750     
  0.825228467320970     
  0.864149898829900     
  0.903946708742550     
  0.944618897058900     
  0.785744108626830     
  0.823310749178990     
  0.862022408673830     
  0.901882123576510     
  0.942892930352190     
  0.782232249957110     
  0.819298702777020     
  0.857724908928350     
  0.897516398091910     
  0.938678699948530     
  0.776639238220700     
  0.813184480306650     
  0.851249247408730     
  0.890840971827830     
  0.931967085864840     
  0.768968449777710     
  0.804971161931200     
  0.842598537269080     
  0.881859291350170     
  0.922762139733260     
  0.759235379621630     
  0.794673872342050     
  0.831788300591800     
  0.870588037337550     
  0.911082455545950     
  0.747468535216010     
  0.782320654128610     
  0.818847362767250     
  0.857058084391080     
  0.896962242259210     
  0.733710017512620     
  0.767953035271140     
  0.803818433529220     
  0.841315124654630     
  0.880452021015150     
  0.718015743458500     
  0.751626247788390     
  0.786758331182870     
  0.823419907888080     
  0.861618892150200     
  0.700455150609370     
  0.733408934730830     
  0.767737680829660     
  0.803447919348820     
  0.840546180731240     
  0.681110536531260     
  0.713382505096200     
  0.746840253612180     
  0.781488670414270     
  0.817332643837520     
  0.660075966860830     
  0.691640067647560     
  0.724161874776760     
  0.757644526291040     
  0.792091160233000     
  0.637455771905860     
  0.668284963042730     
  0.699808920420040     
  0.732029092135570     
  0.764946926287030     
  0.613362686797320     
  0.643428950766310     
  0.673896461649210     
  0.704765219446040     
  0.736035224156790     
  0.748509964826640     
  0.785227727997980     
  0.822417314549320     
  0.860078724480640     
  0.898211957791970     
  0.747319164336000     
  0.783606417829720     
  0.820611841117870     
  0.858336884231890     
  0.896782997203210     
  0.744302215265700     
  0.780138463641940     
  0.816892196985070     
  0.854566050231810     
  0.893162658318840     
  0.739458896647190     
  0.774823510440860     
  0.811257988972810     
  0.848765866174300     
  0.887350675976630     
  0.732796105993560     
  0.767668323394150     
  0.803716176003980     
  0.840943798908280     
  0.879355327192270     
  0.724328355973510     
  0.758687272734270     
  0.794281565537110     
  0.831115671356830     
  0.869194027168210     
  0.714078160586460     
  0.747902710457000     
  0.782977199095590     
  0.819306076508940     
  0.856893792703760     
  0.702076287331760     
  0.735345215938360     
  0.769834603496580     
  0.805548647338980     
  0.842491544798120     
  0.688361860480340     
  0.721053697286820     
  0.754893894716440     
  0.789886168052030     
  0.826034232576410     
  0.672982215691310     
  0.705075245475930     
  0.738203627072640     
  0.772370413763260     
  0.807578658829570     
  0.655992615086340     
  0.687464855750940     
  0.719820507679460     
  0.753061844065740     
  0.787191138103610     
  0.637455771905860     
  0.668284963042730     
  0.699808920420040     
  0.732029092135570     
  0.764946926287030     
  0.617441185661670     
  0.647604792132570     
  0.678240260146280     
  0.709348250200780     
  0.740929422794010     
  0.596024304690790     
  0.625499541238740     
  0.655192096911080     
  0.685101971707820     
  0.715229165628950     
  0.707106781186550     
  0.742462120245880     
  0.777817459305200     
  0.813172798364530     
  0.848528137423860     
  0.706314448434090     
  0.741285585725570     
  0.776486446437190     
  0.811917030568980     
  0.847577338120910     
  0.703939212514040     
  0.738506361748060     
  0.773493385243200     
  0.808900282999460     
  0.844727055016850     
  0.699986382804470     
  0.734129824058670     
  0.768843850570220     
  0.804128462339120     
  0.839983659365370     
  0.694464807854990     
  0.728164931813880     
  0.762547133395340     
  0.797611412599370     
  0.833357769425990     
  0.687386853067290     
  0.720624204982870     
  0.754616217390310     
  0.789362890289600     
  0.824864223680750     
  0.678768373767440     
  0.711523697083330     
  0.745067750647540     
  0.779400534460070     
  0.814522048520930     
  0.668628685128640     
  0.700882964583080     
  0.733922013905510     
  0.767745833095940     
  0.802354422154370     
  0.656990532300400     
  0.688725037236030     
  0.721202889957920     
  0.754424090466070     
  0.788388638760480     
  0.643880013104120     
  0.675076338941340     
  0.706937781323890     
  0.739464340251760     
  0.772656015724940     
  0.629326521676550     
  0.659966631189980     
  0.691157551750340     
  0.722899283357640     
  0.755191826011860     
  0.613362686797320     
  0.643428950766310     
  0.673896461649210     
  0.704765219446040     
  0.736035224156790     
  0.596024304690790     
  0.625499541238740     
  0.655192096911080     
  0.685101971707820     
  0.715229165628950     
  0.577350269189630     
  0.606217782649110     
  0.635085296108590     
  0.663952809568070     
  0.692820323027550     
  0.000000000000000E+000
  6.037731828176100E-002
  0.120534963724370     
  0.180253169588290     
  0.239313951057300     
  0.297501803186930     
  0.354604406168030     
  0.410413274438510     
  0.464724331975630     
  0.517339324205600     
  0.568066309853510     
  0.616720233776590     
  0.663123542452860     
  0.000000000000000E+000
  6.317176573828200E-002
  0.126121112726930     
  0.188625527142140     
  0.250464299357510     
  0.311419230616760     
  0.371275347113130     
  0.429821558005230     
  0.486851234739570     
  0.542163645350410     
  0.595564449692050     
  0.646866278642170     
  0.695889359852450     
  0.000000000000000E+000
  6.611582549984700E-002
  0.132000994518590     
  0.197424751979710     
  0.262158213826160     
  0.325975099866270     
  0.388652474300430     
  0.449971428342090     
  0.509717680060070     
  0.567683063205540     
  0.623666039966680     
  0.677472301389920     
  0.728915417067410     
  0.000000000000000E+000
  6.920949756645800E-002
  0.138174609099360     
  0.206650844100970     
  0.274395694463240     
  0.341169410935460     
  0.406735787729930     
  0.470862885449080     
  0.533323667937130     
  0.593897577770970     
  0.652371080677400     
  0.708538302019830     
  0.762201714097740     
  0.000000000000000E+000
  7.245278193811300E-002
  0.144641956469250     
  0.216303803505950     
  0.287176741268760     
  0.357002163824320     
  0.425525287401640     
  0.492495929326210     
  0.557669198370760     
  0.620807189046720     
  0.681679571824210     
  0.740064280531910     
  0.795748250943430     
  0.000000000000000E+000
  6.012628491538800E-002
  0.120137361504150     
  0.179801181844790     
  0.238882138036750     
  0.297142751580280     
  0.354345654549020     
  0.410255750317530     
  0.464642466120350     
  0.517282874819370     
  0.567963939905030     
  0.616484734212110     
  0.662658505972350     
  0.000000000000000E+000
  6.288751963383001E-002
  0.125655241995800     
  0.188068900610540     
  0.249890796660520     
  0.310881475761140     
  0.370801690830350     
  0.429414539932120     
  0.486487687877090     
  0.541796472989200     
  0.595126119135100     
  0.646273926454290     
  0.695051317175110     
  0.000000000000000E+000
  6.581204480261200E-002
  0.131498723011760     
  0.196817337538860     
  0.261521693757850     
  0.325363826248550     
  0.388096018868270     
  0.449473003772660     
  0.509254244225140     
  0.567207136692230     
  0.623109283012390     
  0.676750742264990     
  0.727936135622520     
  0.000000000000000E+000
  6.890000427355100E-002
  0.137668391349120     
  0.206047755712390     
  0.273776919896470     
  0.340592776980840     
  0.406232447474020     
  0.470435628401520     
  0.532947034826810     
  0.593519813199810     
  0.651917972331250     
  0.707918790759840     
  0.761315064543460     
  0.000000000000000E+000
  7.215154189846600E-002
  0.144164833804980     
  0.215761418213740     
  0.286658565644100     
  0.356571301896340     
  0.425214785458830     
  0.492306900381040     
  0.557570959344420     
  0.620739449783240     
  0.681556727886040     
  0.739781681054530     
  0.795190207166820     
  0.000000000000000E+000
  5.973510713468400E-002
  0.119448754391130     
  0.178899462438400     
  0.237837469501570     
  0.296007275928960     
  0.353150762153480     
  0.409010721479650     
  0.463334646061480     
  0.515879398817440     
  0.566415030293910     
  0.614728427529360     
  0.660626575986110     
  0.000000000000000E+000
  6.246236016691200E-002
  0.124897032208860     
  0.187060774942660     
  0.248702285271580     
  0.309564711630490     
  0.369388729396110     
  0.427916021874660     
  0.484893003302860     
  0.540075441687390     
  0.593232210066220     
  0.644148877452710     
  0.692630925235040     
  0.000000000000000E+000
  6.536246124355299E-002
  0.130694066484480     
  0.195743019678390     
  0.260249280855530     
  0.323947150009150     
  0.386568427071560     
  0.447845987248020     
  0.507517602410520     
  0.565330696181590     
  0.621046193528160     
  0.674442207497930     
  0.725317343529290     
  0.000000000000000E+000
  6.843564062249299E-002
  0.136840882432990     
  0.204948458916050     
  0.272482244237580     
  0.339160015144160     
  0.404696830395640     
  0.468808855811170     
  0.531217455646730     
  0.591654271934580     
  0.649865346887670     
  0.705615068935340     
  0.758689706851260     
  0.000000000000000E+000
  7.168212856162000E-002
  0.143338505269360     
  0.214679354926080     
  0.285404963401880     
  0.355208731114750     
  0.423780914584170     
  0.490812865775580     
  0.556001575273780     
  0.619055278580930     
  0.679698036352700     
  0.737674113035230     
  0.792751891183340     
  0.000000000000000E+000
  5.920643646945300E-002
  0.118471626658330     
  0.177547985484390     
  0.236175720075020     
  0.294086062173590     
  0.351005327140570     
  0.406659600916170     
  0.460779823687200     
  0.513107758743750     
  0.563401117689150     
  0.611438367338430     
  0.657022914695720     
  0.000000000000000E+000
  6.189878472960200E-002
  0.123848720793110     
  0.185600840637080     
  0.246894266229460     
  0.307459395256770     
  0.367021897333390     
  0.425307324701970     
  0.482046105728360     
  0.536979435799290     
  0.589864309683080     
  0.640478246128830     
  0.688623407576990     
  0.000000000000000E+000
  6.476960454666900E-002
  0.129589259417010     
  0.194201396101660     
  0.258336256323560     
  0.321715165067050     
  0.384054633935520     
  0.445071094041890     
  0.504486019322200     
  0.562031980410270     
  0.617457807084070     
  0.670533436658740     
  0.721054143809360     
  0.000000000000000E+000
  6.781916214860199E-002
  0.135694562994490     
  0.203352645531820     
  0.270506764297140     
  0.336860686539290     
  0.402112983497210     
  0.465962096864760     
  0.528111826282910     
  0.588277802125180     
  0.646193015672060     
  0.701613010895420     
  0.754320411219690     
  0.000000000000000E+000
  7.104772376334401E-002
  0.142165951990000     
  0.213057582581270     
  0.283410864090020     
  0.352903274608310     
  0.421206392568680     
  0.487991521099410     
  0.552935788424640     
  0.615729310492500     
  0.676081341226980     
  0.733726040806110     
  0.788427497634860     
  0.000000000000000E+000
  5.854345038549100E-002
  0.117209927267760     
  0.175749436398760     
  0.233896804815780     
  0.291375408337350     
  0.347901925779530     
  0.403191891303920     
  0.456965756836480     
  0.508955821664540     
  0.558912332709080     
  0.606609134765270     
  0.651848500736120     
  0.000000000000000E+000
  6.119981479719100E-002
  0.122513997777410     
  0.183691470925830     
  0.244466332264650     
  0.304561525985730     
  0.363693518645650     
  0.421577756668900     
  0.477934617901330     
  0.532496241217030     
  0.585012513483910     
  0.635256619534570     
  0.683029793050230     
  0.000000000000000E+000
  6.403654490426000E-002
  0.128188031768290     
  0.192194824152720     
  0.255782108467440     
  0.318663662612310     
  0.380546655891660     
  0.441137249486730     
  0.500146701454290     
  0.557298381820540     
  0.612333913233850     
  0.665018865033240     
  0.715147629648880     
  0.000000000000000E+000
  6.705390027122000E-002
  0.134233509872300     
  0.201262955322570     
  0.267850073085190     
  0.333690442518280     
  0.398472524370580     
  0.461883657778340     
  0.523616600540170     
  0.583377033429280     
  0.640890139356860     
  0.695906702136190     
  0.748208326827950     
  0.000000000000000E+000
  7.025214046258900E-002
  0.140651912721310     
  0.210899323678510     
  0.280676165778930     
  0.349650490004820     
  0.417482310935430     
  0.483830269564700     
  0.548358908203780     
  0.610746985997450     
  0.670694799250900     
  0.727930961718320     
  0.782218200883340     
  0.000000000000000E+000
  5.774987829145300E-002
  0.115669234674810     
  0.173509615811670     
  0.231005492421410     
  0.287878271685820     
  0.343841463136120     
  0.398606752805970     
  0.451890661062730     
  0.503422033730060     
  0.552948733411280     
  0.600243791396990     
  0.645110609673460     
  0.000000000000000E+000
  6.036902116990800E-002
  0.120898166782160     
  0.181338116799150     
  0.241422865634550     
  0.300873670314350     
  0.359404128877220     
  0.416726148081580     
  0.472556477474880     
  0.526624086603140     
  0.578676730379260     
  0.628486989696160     
  0.675857385556150     
  0.000000000000000E+000
  6.316691877273500E-002
  0.126495773837060     
  0.189728825489790     
  0.252591247679510     
  0.314795181208410     
  0.376044945483610     
  0.436043161562860     
  0.494497453915570     
  0.551128025855930     
  0.605674392803020     
  0.657901578933280     
  0.707605365535380     
  0.000000000000000E+000
  6.614379004949400E-002
  0.132463573044580     
  0.198685410131950     
  0.264517026716490     
  0.329652150925460     
  0.393776094073060     
  0.456572308305990     
  0.517729566982970     
  0.576950070732280     
  0.633956662201460     
  0.688499463972100     
  0.740361498067320     
  0.000000000000000E+000
  6.929985394974300E-002
  0.138803081609770     
  0.208211538974000     
  0.277206590905690     
  0.345453926022980     
  0.412609755763340     
  0.478328103367160     
  0.542268793275280     
  0.604106440476070     
  0.663538480093530     
  0.720292549676390     
  0.774132731608150     
  0.000000000000000E+000
  5.683001606341500E-002
  0.113856879287090     
  0.170837755548850     
  0.227511976397390     
  0.283605118630240     
  0.338834278162130     
  0.392914291651040     
  0.445564569976820     
  0.496516717022130     
  0.545521401813920     
  0.592354659964230     
  0.636823203399750     
  0.000000000000000E+000
  5.941053803138500E-002
  0.119008264652330     
  0.178549616070460     
  0.237773597044190     
  0.296405793750560     
  0.354163556861240     
  0.410762112715680     
  0.465921268665140     
  0.519372912805240     
  0.570867755844830     
  0.620181517374280     
  0.667120144538420     
  0.000000000000000E+000
  6.216494322529000E-002
  0.124519658771160     
  0.186812402706150     
  0.248773579108700     
  0.310119859175440     
  0.370559499842700     
  0.429798613501020     
  0.487548045001600     
  0.543531071719290     
  0.597490317475350     
  0.649194098164970     
  0.698441776896550     
  0.000000000000000E+000
  6.509338564142800E-002
  0.130392507112300     
  0.195629753540630     
  0.260518358637420     
  0.324756810259240     
  0.388034545891990     
  0.450038667943920     
  0.510461312324510     
  0.569007889135860     
  0.625404491365850     
  0.679404692853500     
  0.730795282676270     
  0.000000000000000E+000
  6.819601927609800E-002
  0.136628255144500     
  0.205005306658620     
  0.273014371676860     
  0.340326142356290     
  0.406601133794560     
  0.471497149981250     
  0.534677483972180     
  0.595820060426560     
  0.654625682176710     
  0.710825591957070     
  0.764187844079710     
  0.000000000000000E+000
  5.578872637842000E-002
  0.111782011619760     
  0.167746717802500     
  0.223432252111970     
  0.278574499589660     
  0.332900902548010     
  0.386136454387640     
  0.438010287109140     
  0.488262983503390     
  0.536653221872360     
  0.582963881377620     
  0.627007206956500     
  0.000000000000000E+000
  5.832906322507200E-002
  0.116853128126340     
  0.175338388345190     
  0.233533974827290     
  0.291175823719840     
  0.347991667809000     
  0.403706923478590     
  0.458051154263630     
  0.510765267627620     
  0.561608033372780     
  0.610362076940910     
  0.656838955202690     
  0.000000000000000E+000
  6.103541621468800E-002
  0.122268710860720     
  0.183458239107410     
  0.244344880979980     
  0.304656011451070     
  0.364110622207230     
  0.422425361157930     
  0.479321161296710     
  0.534530629268510     
  0.587804729998600     
  0.638918934206150     
  0.687678426711210     
  0.000000000000000E+000
  6.390786060509100E-002
  0.128030044555620     
  0.192109665107290     
  0.255871085304260     
  0.319024168231080     
  0.381269761903250     
  0.442306168171510     
  0.501836245591470     
  0.559575317202020     
  0.615258333654910     
  0.668646459126010     
  0.719532648690200     
  0.000000000000000E+000
  6.694647165410400E-002
  0.134138413943720     
  0.201296061363000     
  0.268118702534360     
  0.334289399507590     
  0.399481083057610     
  0.463363745265170     
  0.525612344530970     
  0.585915580204060     
  0.643983866246830     
  0.699556657653150     
  0.752408648347800     
  0.000000000000000E+000
  5.463142327107400E-002
  0.109455607569690     
  0.164253055369370     
  0.218788258571730     
  0.272813286257240     
  0.326072391587910     
  0.378307433786490     
  0.429263833425990     
  0.478697179955400     
  0.526379272417700     
  0.572103706853740     
  0.615690656674680     
  0.000000000000000E+000
  5.712984335338800E-002
  0.114443399451240     
  0.171720494683670     
  0.228725304662170     
  0.285209882966120     
  0.340918688495070     
  0.395593911138290     
  0.448981315100390     
  0.500836742660630     
  0.550932040167970     
  0.599060543030910     
  0.645041773729590     
  0.000000000000000E+000
  5.978370136664100E-002
  0.119753811423850     
  0.179682760052900     
  0.239326948037800     
  0.298430369096780     
  0.356729255528630     
  0.413957542008680     
  0.469852858403060     
  0.524163207007740     
  0.576653039701100     
  0.627108884111720     
  0.675344164319890     
  0.000000000000000E+000
  6.259299149566400E-002
  0.125387901847870     
  0.188142825848830     
  0.250598659608980     
  0.312482978120530     
  0.373515010171230     
  0.433411490457300     
  0.491893080888490     
  0.548691516826450     
  0.603556119213410     
  0.656259821906230     
  0.706604333921310     
  0.000000000000000E+000
  6.555770792528900E-002
  0.131346729083630     
  0.197103666443240     
  0.262545910286070     
  0.327375943508690     
  0.391286869905490     
  0.453968920543790     
  0.515116600111190     
  0.574436615946480     
  0.631655126901240     
  0.686524448224490     
  0.738828788009620     
  0.000000000000000E+000
  5.336403406306000E-002
  0.106890393685680     
  0.160376901357720     
  0.213607735366370     
  0.266356502386300     
  0.318390140448690     
  0.369473486795800     
  0.419374285079520     
  0.467868760843070     
  0.514746741806670     
  0.559816446774430     
  0.602908657761430     
  0.000000000000000E+000
  5.581863671913900E-002
  0.111791453629770     
  0.167715530190740     
  0.223374610193110     
  0.278542124601170     
  0.332985028049240     
  0.386468286623890     
  0.438759791468360     
  0.489635848695490     
  0.538886202930750     
  0.586318739097190     
  0.631763583449540     
  0.000000000000000E+000
  5.841569005528200E-002
  0.116987624350220     
  0.175506023019130     
  0.233747448868850     
  0.291477910413690     
  0.348456798949810     
  0.404441493114440     
  0.459192398414720     
  0.512478584262530     
  0.564082935856550     
  0.613806977229590     
  0.661475079652920     
  0.000000000000000E+000
  6.115511709846700E-002
  0.122479699422690     
  0.183750800084700     
  0.244730817561660     
  0.305170817331830     
  0.364814747622250     
  0.423404370785460     
  0.480684662947450     
  0.536409846161990     
  0.590348908847740     
  0.642290772473130     
  0.692048797798630     
  0.000000000000000E+000
  6.403684087567101E-002
  0.128268472422820     
  0.192452281629270     
  0.256329282439640     
  0.319627802863560     
  0.382068168538420     
  0.443368184154960     
  0.503249142095420     
  0.561442513011690     
  0.617696090168010     
  0.671779736129320     
  0.723490389313720     
  0.000000000000000E+000
  5.199294500877200E-002
  0.104100703987340     
  0.156141703717750     
  0.207923812720640     
  0.259246767859810     
  0.309905207256490     
  0.359692188056590     
  0.408403028062760     
  0.455839620606210     
  0.501814402712650     
  0.546154123771880     
  0.588703209349460     
  0.000000000000000E+000
  5.440166081705100E-002
  0.108911259600150     
  0.163346366039910     
  0.217514234066680     
  0.271214190556430     
  0.324240618162310     
  0.376386413169930     
  0.427446756269400     
  0.477223364575560     
  0.525528385692380     
  0.572188099005120     
  0.617046223677000     
  0.000000000000000E+000
  5.693774780306900E-002
  0.113984454243380     
  0.170951453800660     
  0.227639517755170     
  0.283841306773310     
  0.339344432512690     
  0.393935006088840     
  0.447401505866440     
  0.499539144606940     
  0.550153863367160     
  0.599066128693060     
  0.646114327751950     
  0.000000000000000E+000
  5.960108064237600E-002
  0.119320808957960     
  0.178958751705840     
  0.238303139562430     
  0.297133491926440     
  0.355223894597780     
  0.412346799394450     
  0.468277167964780     
  0.522797143668260     
  0.575700330850320     
  0.626795862109010     
  0.675912033093130     
  0.000000000000000E+000
  6.239153401052600E-002
  0.124920844784800     
  0.187370044461300     
  0.249508575264770     
  0.311096121431780     
  0.371886248707780     
  0.431630625667910     
  0.490083633675320     
  0.547007544727460     
  0.602177283255180     
  0.655384948526250     
  0.706443851219350     
  0.000000000000000E+000
  5.052492693376200E-002
  0.101102262656740     
  0.151573799195290     
  0.201774331533510     
  0.251533356078600     
  0.300677145258320     
  0.349031120690930     
  0.396422427153090     
  0.442682875098710     
  0.487651627817510     
  0.531177803552040     
  0.573122867780330     
  0.000000000000000E+000
  5.288552055652600E-002
  0.105818169444880     
  0.158638735123690     
  0.211181175630960     
  0.263274292594440     
  0.314743773852960     
  0.365414528725370     
  0.415113215861060     
  0.463671147747350     
  0.510926928969550     
  0.556729013604590     
  0.600938060218470     
  0.000000000000000E+000
  5.535664103147900E-002
  0.110760030991630     
  0.166045422716330     
  0.221041076972590     
  0.275569981998230     
  0.329451950906850     
  0.382506019066090     
  0.434553037541170     
  0.485418657950420     
  0.534936038881350     
  0.582948470222590     
  0.629311791045460     
  0.000000000000000E+000
  5.793815080426100E-002
  0.115928121503780     
  0.173794988508220     
  0.231356322171350     
  0.288424026246120     
  0.344806582399390     
  0.400311616253780     
  0.454748675384900     
  0.507932420482560     
  0.559685524652100     
  0.609841483682920     
  0.658247203628910     
  0.000000000000000E+000
  6.062991232051500E-002
  0.121322715188090     
  0.181888559034340     
  0.242129197840210     
  0.301840027294320     
  0.360812574309990     
  0.418837344829110     
  0.475706912583700     
  0.531219450118450     
  0.585181953381010     
  0.637413364262450     
  0.687747441336400     
  0.000000000000000E+000
  4.896704073790500E-002
  9.791189637340800E-002
  0.146701839572850     
  0.195200919897290     
  0.243270906644120     
  0.290772399283580     
  0.337566066409310     
  0.383513968871460     
  0.428481140494560     
  0.472336977436490     
  0.514956616901990     
  0.556222249756650     
  0.000000000000000E+000
  5.127711712264200E-002
  0.102528639385160     
  0.153620674022860     
  0.204416191363320     
  0.254775957127530     
  0.304559629027020     
  0.353626979533530     
  0.401839197217840     
  0.449060453912820     
  0.495159270651700     
  0.540009875393810     
  0.583493499006680     
  0.000000000000000E+000
  5.367944407687700E-002
  0.107331224636680     
  0.160816673857210     
  0.213993916283790     
  0.266718827607500     
  0.318846161883330     
  0.370230808134260     
  0.420729126243580     
  0.470200559888180     
  0.518509038521640     
  0.565524371659070     
  0.611123580820140     
  0.000000000000000E+000
  5.617392139852100E-002
  0.112319740575240     
  0.168290348528020     
  0.223935189005880     
  0.279101282937980     
  0.333634433403940     
  0.387380569192970     
  0.440187175026850     
  0.491905013191460     
  0.542389624720820     
  0.591502821390880     
  0.639114109589680     
  0.000000000000000E+000
  5.876044888548600E-002
  0.117494275648090     
  0.176042207487420     
  0.234241103876750     
  0.291925087972940     
  0.348926879140290     
  0.405079279691170     
  0.460216762645760     
  0.514177368593470     
  0.566804372923780     
  0.617947940282390     
  0.667466699707980     
  0.000000000000000E+000
  4.732652392137900E-002
  9.454718488789000E-002
  0.141556094099190     
  0.188247871971640     
  0.234517863840910     
  0.280262358418330     
  0.325378799011690     
  0.369765981311530     
  0.413324397356470     
  0.455956421414350     
  0.497566507001370     
  0.538061387237290     
  0.000000000000000E+000
  4.958353883994400E-002
  9.905989143808600E-002
  0.148321845384070     
  0.197262703849480     
  0.245776503986660     
  0.293758238115850     
  0.341104068231410     
  0.387711523679560     
  0.433479853294600     
  0.478310211345370     
  0.522105856371780     
  0.564772356141510     
  0.000000000000000E+000
  5.191342794351200E-002
  0.103715699784410     
  0.155295632282340     
  0.206542576874480     
  0.257346646163280     
  0.307598943295630     
  0.357191784605040     
  0.406018903845950     
  0.453975818519190     
  0.500960022036190     
  0.546871189728630     
  0.591611392017490     
  0.000000000000000E+000
  5.431619123208200E-002
  0.108514609926880     
  0.162477454793990     
  0.216087491046650     
  0.269228290370750     
  0.321784473957680     
  0.373641948132580     
  0.424688121810710     
  0.474812293030250     
  0.523905853486810     
  0.571862507071910     
  0.618578494865240     
  0.000000000000000E+000
  5.679182870565400E-002
  0.113456621865470     
  0.169867312919020     
  0.225897446365970     
  0.281421436609090     
  0.336314830101990     
  0.390454558814020     
  0.443719177573840     
  0.495989276827760     
  0.547147705697220     
  0.597079808401640     
  0.645673664684750     
  0.000000000000000E+000
  6.037731828176100E-002
  0.120534963724370     
  0.180253169588290     
  0.239313951057300     
  0.297501803186930     
  0.354604406168030     
  0.410413274438510     
  0.464724331975630     
  0.517339324205600     
  0.568066309853510     
  0.616720233776590     
  0.663123542452860     
  0.000000000000000E+000
  6.012628491538800E-002
  0.120137361504150     
  0.179801181844790     
  0.238882138036750     
  0.297142751580280     
  0.354345654549020     
  0.410255750317530     
  0.464642466120350     
  0.517282874819370     
  0.567963939905030     
  0.616484734212110     
  0.662658505972350     
  0.000000000000000E+000
  5.973510713468400E-002
  0.119448754391130     
  0.178899462438400     
  0.237837469501570     
  0.296007275928960     
  0.353150762153480     
  0.409010721479650     
  0.463334646061480     
  0.515879398817440     
  0.566415030293910     
  0.614728427529360     
  0.660626575986110     
  0.000000000000000E+000
  5.920643646945300E-002
  0.118471626658330     
  0.177547985484390     
  0.236175720075020     
  0.294086062173590     
  0.351005327140570     
  0.406659600916170     
  0.460779823687200     
  0.513107758743750     
  0.563401117689150     
  0.611438367338430     
  0.657022914695720     
  0.000000000000000E+000
  5.854345038549100E-002
  0.117209927267760     
  0.175749436398760     
  0.233896804815780     
  0.291375408337350     
  0.347901925779530     
  0.403191891303920     
  0.456965756836480     
  0.508955821664540     
  0.558912332709080     
  0.606609134765270     
  0.651848500736120     
  0.000000000000000E+000
  5.774987829145300E-002
  0.115669234674810     
  0.173509615811670     
  0.231005492421410     
  0.287878271685820     
  0.343841463136120     
  0.398606752805970     
  0.451890661062730     
  0.503422033730060     
  0.552948733411280     
  0.600243791396990     
  0.645110609673460     
  0.000000000000000E+000
  5.683001606341500E-002
  0.113856879287090     
  0.170837755548850     
  0.227511976397390     
  0.283605118630240     
  0.338834278162130     
  0.392914291651040     
  0.445564569976820     
  0.496516717022130     
  0.545521401813920     
  0.592354659964230     
  0.636823203399750     
  0.000000000000000E+000
  5.578872637842000E-002
  0.111782011619760     
  0.167746717802500     
  0.223432252111970     
  0.278574499589660     
  0.332900902548010     
  0.386136454387640     
  0.438010287109140     
  0.488262983503390     
  0.536653221872360     
  0.582963881377620     
  0.627007206956500     
  0.000000000000000E+000
  5.463142327107400E-002
  0.109455607569690     
  0.164253055369370     
  0.218788258571730     
  0.272813286257240     
  0.326072391587910     
  0.378307433786490     
  0.429263833425990     
  0.478697179955400     
  0.526379272417700     
  0.572103706853740     
  0.615690656674680     
  0.000000000000000E+000
  5.336403406306000E-002
  0.106890393685680     
  0.160376901357720     
  0.213607735366370     
  0.266356502386300     
  0.318390140448690     
  0.369473486795800     
  0.419374285079520     
  0.467868760843070     
  0.514746741806670     
  0.559816446774430     
  0.602908657761430     
  0.000000000000000E+000
  5.199294500877200E-002
  0.104100703987340     
  0.156141703717750     
  0.207923812720640     
  0.259246767859810     
  0.309905207256490     
  0.359692188056590     
  0.408403028062760     
  0.455839620606210     
  0.501814402712650     
  0.546154123771880     
  0.588703209349460     
  0.000000000000000E+000
  5.052492693376200E-002
  0.101102262656740     
  0.151573799195290     
  0.201774331533510     
  0.251533356078600     
  0.300677145258320     
  0.349031120690930     
  0.396422427153090     
  0.442682875098710     
  0.487651627817510     
  0.531177803552040     
  0.573122867780330     
  0.000000000000000E+000
  4.896704073790500E-002
  9.791189637340800E-002
  0.146701839572850     
  0.195200919897290     
  0.243270906644120     
  0.290772399283580     
  0.337566066409310     
  0.383513968871460     
  0.428481140494560     
  0.472336977436490     
  0.514956616901990     
  0.556222249756650     
  0.000000000000000E+000
  6.317176573828200E-002
  0.126121112726930     
  0.188625527142140     
  0.250464299357510     
  0.311419230616760     
  0.371275347113130     
  0.429821558005230     
  0.486851234739570     
  0.542163645350410     
  0.595564449692050     
  0.646866278642170     
  0.695889359852450     
  0.000000000000000E+000
  6.288751963383001E-002
  0.125655241995800     
  0.188068900610540     
  0.249890796660520     
  0.310881475761140     
  0.370801690830350     
  0.429414539932120     
  0.486487687877090     
  0.541796472989200     
  0.595126119135100     
  0.646273926454290     
  0.695051317175110     
  0.000000000000000E+000
  6.246236016691200E-002
  0.124897032208860     
  0.187060774942660     
  0.248702285271580     
  0.309564711630490     
  0.369388729396110     
  0.427916021874660     
  0.484893003302860     
  0.540075441687390     
  0.593232210066220     
  0.644148877452710     
  0.692630925235040     
  0.000000000000000E+000
  6.189878472960200E-002
  0.123848720793110     
  0.185600840637080     
  0.246894266229460     
  0.307459395256770     
  0.367021897333390     
  0.425307324701970     
  0.482046105728360     
  0.536979435799290     
  0.589864309683080     
  0.640478246128830     
  0.688623407576990     
  0.000000000000000E+000
  6.119981479719100E-002
  0.122513997777410     
  0.183691470925830     
  0.244466332264650     
  0.304561525985730     
  0.363693518645650     
  0.421577756668900     
  0.477934617901330     
  0.532496241217030     
  0.585012513483910     
  0.635256619534570     
  0.683029793050230     
  0.000000000000000E+000
  6.036902116990800E-002
  0.120898166782160     
  0.181338116799150     
  0.241422865634550     
  0.300873670314350     
  0.359404128877220     
  0.416726148081580     
  0.472556477474880     
  0.526624086603140     
  0.578676730379260     
  0.628486989696160     
  0.675857385556150     
  0.000000000000000E+000
  5.941053803138500E-002
  0.119008264652330     
  0.178549616070460     
  0.237773597044190     
  0.296405793750560     
  0.354163556861240     
  0.410762112715680     
  0.465921268665140     
  0.519372912805240     
  0.570867755844830     
  0.620181517374280     
  0.667120144538420     
  0.000000000000000E+000
  5.832906322507200E-002
  0.116853128126340     
  0.175338388345190     
  0.233533974827290     
  0.291175823719840     
  0.347991667809000     
  0.403706923478590     
  0.458051154263630     
  0.510765267627620     
  0.561608033372780     
  0.610362076940910     
  0.656838955202690     
  0.000000000000000E+000
  5.712984335338800E-002
  0.114443399451240     
  0.171720494683670     
  0.228725304662170     
  0.285209882966120     
  0.340918688495070     
  0.395593911138290     
  0.448981315100390     
  0.500836742660630     
  0.550932040167970     
  0.599060543030910     
  0.645041773729590     
  0.000000000000000E+000
  5.581863671913900E-002
  0.111791453629770     
  0.167715530190740     
  0.223374610193110     
  0.278542124601170     
  0.332985028049240     
  0.386468286623890     
  0.438759791468360     
  0.489635848695490     
  0.538886202930750     
  0.586318739097190     
  0.631763583449540     
  0.000000000000000E+000
  5.440166081705100E-002
  0.108911259600150     
  0.163346366039910     
  0.217514234066680     
  0.271214190556430     
  0.324240618162310     
  0.376386413169930     
  0.427446756269400     
  0.477223364575560     
  0.525528385692380     
  0.572188099005120     
  0.617046223677000     
  0.000000000000000E+000
  5.288552055652600E-002
  0.105818169444880     
  0.158638735123690     
  0.211181175630960     
  0.263274292594440     
  0.314743773852960     
  0.365414528725370     
  0.415113215861060     
  0.463671147747350     
  0.510926928969550     
  0.556729013604590     
  0.600938060218470     
  0.000000000000000E+000
  5.127711712264200E-002
  0.102528639385160     
  0.153620674022860     
  0.204416191363320     
  0.254775957127530     
  0.304559629027020     
  0.353626979533530     
  0.401839197217840     
  0.449060453912820     
  0.495159270651700     
  0.540009875393810     
  0.583493499006680     
  0.000000000000000E+000
  6.611582549984700E-002
  0.132000994518590     
  0.197424751979710     
  0.262158213826160     
  0.325975099866270     
  0.388652474300430     
  0.449971428342090     
  0.509717680060070     
  0.567683063205540     
  0.623666039966680     
  0.677472301389920     
  0.728915417067410     
  0.000000000000000E+000
  6.581204480261200E-002
  0.131498723011760     
  0.196817337538860     
  0.261521693757850     
  0.325363826248550     
  0.388096018868270     
  0.449473003772670     
  0.509254244225140     
  0.567207136692230     
  0.623109283012390     
  0.676750742264990     
  0.727936135622520     
  0.000000000000000E+000
  6.536246124355299E-002
  0.130694066484480     
  0.195743019678390     
  0.260249280855530     
  0.323947150009150     
  0.386568427071560     
  0.447845987248020     
  0.507517602410520     
  0.565330696181590     
  0.621046193528160     
  0.674442207497930     
  0.725317343529290     
  0.000000000000000E+000
  6.476960454666900E-002
  0.129589259417010     
  0.194201396101660     
  0.258336256323560     
  0.321715165067050     
  0.384054633935520     
  0.445071094041890     
  0.504486019322200     
  0.562031980410270     
  0.617457807084070     
  0.670533436658740     
  0.721054143809360     
  0.000000000000000E+000
  6.403654490426000E-002
  0.128188031768290     
  0.192194824152720     
  0.255782108467440     
  0.318663662612310     
  0.380546655891660     
  0.441137249486730     
  0.500146701454290     
  0.557298381820540     
  0.612333913233850     
  0.665018865033240     
  0.715147629648880     
  0.000000000000000E+000
  6.316691877273500E-002
  0.126495773837060     
  0.189728825489790     
  0.252591247679510     
  0.314795181208410     
  0.376044945483610     
  0.436043161562860     
  0.494497453915570     
  0.551128025855930     
  0.605674392803020     
  0.657901578933280     
  0.707605365535380     
  0.000000000000000E+000
  6.216494322529000E-002
  0.124519658771160     
  0.186812402706150     
  0.248773579108700     
  0.310119859175440     
  0.370559499842700     
  0.429798613501020     
  0.487548045001600     
  0.543531071719290     
  0.597490317475350     
  0.649194098164970     
  0.698441776896550     
  0.000000000000000E+000
  6.103541621468800E-002
  0.122268710860720     
  0.183458239107410     
  0.244344880979980     
  0.304656011451070     
  0.364110622207230     
  0.422425361157930     
  0.479321161296710     
  0.534530629268510     
  0.587804729998600     
  0.638918934206150     
  0.687678426711210     
  0.000000000000000E+000
  5.978370136664100E-002
  0.119753811423850     
  0.179682760052900     
  0.239326948037800     
  0.298430369096780     
  0.356729255528630     
  0.413957542008680     
  0.469852858403060     
  0.524163207007740     
  0.576653039701100     
  0.627108884111720     
  0.675344164319890     
  0.000000000000000E+000
  5.841569005528200E-002
  0.116987624350220     
  0.175506023019130     
  0.233747448868850     
  0.291477910413690     
  0.348456798949810     
  0.404441493114440     
  0.459192398414720     
  0.512478584262530     
  0.564082935856550     
  0.613806977229590     
  0.661475079652920     
  0.000000000000000E+000
  5.693774780306900E-002
  0.113984454243380     
  0.170951453800660     
  0.227639517755170     
  0.283841306773310     
  0.339344432512690     
  0.393935006088840     
  0.447401505866440     
  0.499539144606940     
  0.550153863367160     
  0.599066128693060     
  0.646114327751950     
  0.000000000000000E+000
  5.535664103147900E-002
  0.110760030991630     
  0.166045422716330     
  0.221041076972590     
  0.275569981998230     
  0.329451950906850     
  0.382506019066090     
  0.434553037541170     
  0.485418657950420     
  0.534936038881350     
  0.582948470222590     
  0.629311791045460     
  0.000000000000000E+000
  5.367944407687700E-002
  0.107331224636680     
  0.160816673857210     
  0.213993916283790     
  0.266718827607500     
  0.318846161883330     
  0.370230808134260     
  0.420729126243580     
  0.470200559888180     
  0.518509038521640     
  0.565524371659070     
  0.611123580820140     
  0.000000000000000E+000
  6.920949756645800E-002
  0.138174609099360     
  0.206650844100970     
  0.274395694463240     
  0.341169410935460     
  0.406735787729930     
  0.470862885449080     
  0.533323667937130     
  0.593897577770970     
  0.652371080677400     
  0.708538302019830     
  0.762201714097740     
  0.000000000000000E+000
  6.890000427355100E-002
  0.137668391349120     
  0.206047755712390     
  0.273776919896470     
  0.340592776980840     
  0.406232447474020     
  0.470435628401520     
  0.532947034826810     
  0.593519813199810     
  0.651917972331250     
  0.707918790759840     
  0.761315064543460     
  0.000000000000000E+000
  6.843564062249299E-002
  0.136840882432990     
  0.204948458916050     
  0.272482244237580     
  0.339160015144160     
  0.404696830395640     
  0.468808855811170     
  0.531217455646730     
  0.591654271934580     
  0.649865346887670     
  0.705615068935340     
  0.758689706851260     
  0.000000000000000E+000
  6.781916214860199E-002
  0.135694562994490     
  0.203352645531820     
  0.270506764297150     
  0.336860686539290     
  0.402112983497210     
  0.465962096864760     
  0.528111826282910     
  0.588277802125180     
  0.646193015672060     
  0.701613010895420     
  0.754320411219690     
  0.000000000000000E+000
  6.705390027122000E-002
  0.134233509872300     
  0.201262955322570     
  0.267850073085190     
  0.333690442518280     
  0.398472524370580     
  0.461883657778340     
  0.523616600540170     
  0.583377033429280     
  0.640890139356860     
  0.695906702136190     
  0.748208326827950     
  0.000000000000000E+000
  6.614379004949400E-002
  0.132463573044580     
  0.198685410131950     
  0.264517026716490     
  0.329652150925460     
  0.393776094073060     
  0.456572308305990     
  0.517729566982970     
  0.576950070732280     
  0.633956662201460     
  0.688499463972100     
  0.740361498067320     
  0.000000000000000E+000
  6.509338564142800E-002
  0.130392507112300     
  0.195629753540630     
  0.260518358637420     
  0.324756810259240     
  0.388034545891990     
  0.450038667943920     
  0.510461312324510     
  0.569007889135860     
  0.625404491365850     
  0.679404692853500     
  0.730795282676270     
  0.000000000000000E+000
  6.390786060509100E-002
  0.128030044555620     
  0.192109665107290     
  0.255871085304260     
  0.319024168231080     
  0.381269761903250     
  0.442306168171510     
  0.501836245591470     
  0.559575317202020     
  0.615258333654910     
  0.668646459126010     
  0.719532648690200     
  0.000000000000000E+000
  6.259299149566400E-002
  0.125387901847870     
  0.188142825848830     
  0.250598659608980     
  0.312482978120530     
  0.373515010171230     
  0.433411490457300     
  0.491893080888490     
  0.548691516826450     
  0.603556119213410     
  0.656259821906230     
  0.706604333921310     
  0.000000000000000E+000
  6.115511709846700E-002
  0.122479699422690     
  0.183750800084700     
  0.244730817561660     
  0.305170817331830     
  0.364814747622250     
  0.423404370785460     
  0.480684662947450     
  0.536409846161990     
  0.590348908847740     
  0.642290772473130     
  0.692048797798630     
  0.000000000000000E+000
  5.960108064237600E-002
  0.119320808957960     
  0.178958751705840     
  0.238303139562430     
  0.297133491926440     
  0.355223894597780     
  0.412346799394450     
  0.468277167964780     
  0.522797143668260     
  0.575700330850320     
  0.626795862109010     
  0.675912033093130     
  0.000000000000000E+000
  5.793815080426100E-002
  0.115928121503780     
  0.173794988508220     
  0.231356322171350     
  0.288424026246130     
  0.344806582399390     
  0.400311616253780     
  0.454748675384900     
  0.507932420482560     
  0.559685524652100     
  0.609841483682920     
  0.658247203628910     
  0.000000000000000E+000
  5.617392139852100E-002
  0.112319740575240     
  0.168290348528020     
  0.223935189005880     
  0.279101282937980     
  0.333634433403940     
  0.387380569192970     
  0.440187175026850     
  0.491905013191460     
  0.542389624720820     
  0.591502821390880     
  0.639114109589680     
  0.000000000000000E+000
  7.245278193811300E-002
  0.144641956469250     
  0.216303803505950     
  0.287176741268760     
  0.357002163824320     
  0.425525287401640     
  0.492495929326210     
  0.557669198370760     
  0.620807189046720     
  0.681679571824210     
  0.740064280531910     
  0.795748250943430     
  0.000000000000000E+000
  7.215154189846600E-002
  0.144164833804980     
  0.215761418213740     
  0.286658565644100     
  0.356571301896340     
  0.425214785458830     
  0.492306900381040     
  0.557570959344420     
  0.620739449783240     
  0.681556727886040     
  0.739781681054530     
  0.795190207166820     
  0.000000000000000E+000
  7.168212856162000E-002
  0.143338505269360     
  0.214679354926080     
  0.285404963401880     
  0.355208731114750     
  0.423780914584170     
  0.490812865775580     
  0.556001575273780     
  0.619055278580930     
  0.679698036352700     
  0.737674113035230     
  0.792751891183340     
  0.000000000000000E+000
  7.104772376334401E-002
  0.142165951990000     
  0.213057582581270     
  0.283410864090020     
  0.352903274608310     
  0.421206392568680     
  0.487991521099410     
  0.552935788424640     
  0.615729310492500     
  0.676081341226980     
  0.733726040806110     
  0.788427497634860     
  0.000000000000000E+000
  7.025214046258900E-002
  0.140651912721310     
  0.210899323678510     
  0.280676165778930     
  0.349650490004820     
  0.417482310935430     
  0.483830269564700     
  0.548358908203780     
  0.610746985997450     
  0.670694799250900     
  0.727930961718320     
  0.782218200883340     
  0.000000000000000E+000
  6.929985394974300E-002
  0.138803081609770     
  0.208211538974000     
  0.277206590905690     
  0.345453926022980     
  0.412609755763340     
  0.478328103367160     
  0.542268793275280     
  0.604106440476070     
  0.663538480093530     
  0.720292549676390     
  0.774132731608150     
  0.000000000000000E+000
  6.819601927609800E-002
  0.136628255144500     
  0.205005306658620     
  0.273014371676860     
  0.340326142356290     
  0.406601133794560     
  0.471497149981250     
  0.534677483972180     
  0.595820060426560     
  0.654625682176710     
  0.710825591957070     
  0.764187844079710     
  0.000000000000000E+000
  6.694647165410400E-002
  0.134138413943720     
  0.201296061363000     
  0.268118702534360     
  0.334289399507590     
  0.399481083057610     
  0.463363745265170     
  0.525612344530970     
  0.585915580204060     
  0.643983866246830     
  0.699556657653150     
  0.752408648347800     
  0.000000000000000E+000
  6.555770792528900E-002
  0.131346729083630     
  0.197103666443240     
  0.262545910286070     
  0.327375943508690     
  0.391286869905490     
  0.453968920543790     
  0.515116600111190     
  0.574436615946480     
  0.631655126901240     
  0.686524448224490     
  0.738828788009620     
  0.000000000000000E+000
  6.403684087567101E-002
  0.128268472422820     
  0.192452281629270     
  0.256329282439640     
  0.319627802863560     
  0.382068168538420     
  0.443368184154960     
  0.503249142095420     
  0.561442513011690     
  0.617696090168010     
  0.671779736129320     
  0.723490389313720     
  0.000000000000000E+000
  6.239153401052600E-002
  0.124920844784800     
  0.187370044461300     
  0.249508575264770     
  0.311096121431780     
  0.371886248707780     
  0.431630625667910     
  0.490083633675320     
  0.547007544727460     
  0.602177283255180     
  0.655384948526250     
  0.706443851219350     
  0.000000000000000E+000
  6.062991232051500E-002
  0.121322715188090     
  0.181888559034340     
  0.242129197840210     
  0.301840027294320     
  0.360812574309990     
  0.418837344829110     
  0.475706912583700     
  0.531219450118450     
  0.585181953381010     
  0.637413364262450     
  0.687747441336400     
  0.000000000000000E+000
  5.876044888548600E-002
  0.117494275648090     
  0.176042207487420     
  0.234241103876750     
  0.291925087972940     
  0.348926879140290     
  0.405079279691170     
  0.460216762645760     
  0.514177368593470     
  0.566804372923780     
  0.617947940282390     
  0.667466699707980     
