host active nodes     tribol active nodes
      55                    55
      56                    57
      57                    58
      58                    60
      59                    61
      60                    66
      61                    67
      62                    68
      63                    69
      64                    70
      65                    71
      66                    72
      67                    73
      68                    74
      69                    75
      70                    76
      71                    77
      72                    78
      73                    80
      74                    81
      75                    82
      76                    83
      77                    86
      78                    87
      79                    88
      80                    89
      81                    99
      82                   100
      83
      84
      85
      86
      87
      88
      89
      90
      91
      92
      93
      94
      95
      96
      97
      98
      99
     100
     101
     102
     103
     104
     105
     106
     107
     108
