Tribol results (compare to fort.7777 file host results)

Tribol Sum of Weights  1.222960041768E+01  Host Sum of Weights  2.548378277873E+01
      55                       The same nonmortar node 55 as in the fort.7777 file
     372 -4.366541597794E-08
     400 -1.469335468607E-07
      56  9.105426078491E-03
     368 -4.013813779679E-03
      62  1.209641070621E-02    Here nonmortar nodes wts are positive and I outputted mortar nodes as negative (as opposed to ordering them like the other file)
     396 -1.121320993121E-02
      61  1.464302251370E-02
     392 -2.330984781352E-02
      55  1.141864465881E-02
     364 -8.726441833833E-03
              sum of nonmortar node wts sum of mortar node wts host nonmortar wts     error          (I output the mortar wt sum just to check its the same as the nonmortar)
Nonmortar Node Wts  4.726350395721E-02  4.726350395721E-02  1.053969709384E-01  8.723335837163E-01
      56                                                                      
     376 -1.319606944250E-04
     404 -4.431226932758E-04
      57  7.363927172918E-03
      63  1.168026132777E-02
     372 -6.226601790573E-03
     400 -2.013345131090E-02
      56  3.236908546921E-02
     368 -1.701569167800E-02
      62  4.852068350940E-02
     396 -5.170442165208E-02
      61  1.209641070621E-02
     392 -1.879326197560E-02
      55  9.105426078491E-03
     364 -6.687282469145E-03
Nonmortar Node Wts  1.211357942640E-01  1.211357942640E-01  3.319342433549E-01  1.101339122939E+00
      57
     436 -1.752445139488E-03
     432 -2.250649170080E-02
     428 -8.877145136924E-03
     380 -7.317522025554E-04
     408 -6.495478711711E-03
      58  3.773971231323E-02
      64  1.886997293702E-02
     376 -1.069075654342E-02
     404 -8.820842777460E-02
      57  9.024619322609E-02
     372 -1.355102824966E-02
      63  6.112834831736E-02
     400 -6.477392258727E-02
      62  1.168026132777E-02
     396 -7.180120655184E-03
      56  7.363927172918E-03
     368 -2.260846592785E-03
Nonmortar Node Wts  2.270284152944E-01  2.270284152944E-01  3.396583259089E-01  4.257065385201E-01
      58
     384 -2.260842980473E-03
     412 -7.180109933914E-03
      59  7.363922416069E-03
      65  1.168025952043E-02
     436 -8.877142710277E-03
     432 -2.250649315466E-02
     428 -1.752445434079E-03
     380 -1.355102679742E-02
     408 -6.477391549687E-02
      58  9.024618969530E-02
     376 -1.069075823401E-02
      64  6.112834733119E-02
     404 -8.820843820259E-02
      63  1.886997293702E-02
     400 -6.495479117357E-03
      57  3.773971231323E-02
     372 -7.317521515878E-04
Nonmortar Node Wts  2.270284042132E-01  2.270284042132E-01  3.396583567786E-01  4.257066924112E-01
      59
     388 -6.687267995210E-03
     416 -1.879323053140E-02
      60  9.105409653335E-03
      66  1.209640542734E-02
     384 -1.701567204608E-02
     412 -5.170437741985E-02
      59  3.236903559889E-02
     380 -6.226603390895E-03
      65  4.852066231278E-02
     408 -2.013345908589E-02
      64  1.168025952043E-02
     404 -4.431235353707E-04
      58  7.363922416069E-03
     376 -1.319609241570E-04
Nonmortar Node Wts  1.211356949288E-01  1.211356949288E-01  3.319343827008E-01  1.101340483740E+00
      60
     388 -8.726429460759E-03
     416 -2.330982885733E-02
      60  1.141862948928E-02
     384 -4.013810798110E-03
      66  1.464302270410E-02
     412 -1.121320755001E-02
      65  1.209640542734E-02
     408 -1.469403738707E-07
      59  9.105409653335E-03
     380 -4.366747972181E-08
Nonmortar Node Wts  4.726346727406E-02  4.726346727406E-02  1.053970479485E-01  8.723352738647E-01
      61
     312 -3.877759943965E-10
      68  4.753128759991E-07
     340 -1.264879744809E-07
      67  2.067589337440E-06
     336 -2.423131403741E-06
     308 -9.350028175970E-09
     372 -1.678614244558E-07
     400 -2.583151231857E-07
      56  1.209641070621E-02
     368 -1.512742388203E-02
      62  3.282419175198E-02
     396 -1.811649400534E-02
      61  3.955365771980E-02
     392 -3.463032696113E-02
      55  1.464302251370E-02
     364 -3.124259521168E-02
Nonmortar Node Wts  9.911982559391E-02  9.911982559391E-02  2.314812329371E-01  9.240514871373E-01
      62
     312 -9.849485851609E-11
      68  1.145372382388E-07
     340 -3.444914383664E-08
      67  4.753128759991E-07
     336 -5.568721550530E-07
     308 -2.033626220853E-09
     376 -5.380279875132E-04
     404 -8.337324777150E-04
      57  1.168026132777E-02
      63  3.494415069291E-02
     372 -2.590216966115E-02
     400 -3.841435960036E-02
      56  4.852068350940E-02
     368 -6.845139118277E-02
      62  1.406318432039E-01
     396 -9.322577667364E-02
      61  3.282419175198E-02
     392 -2.903148319489E-02
      55  1.209641070621E-02
     364 -2.430059681079E-02
Nonmortar Node Wts  2.806981310422E-01  2.806981310422E-01  6.688267535411E-01  9.464835665624E-01
      63
     436 -2.768005494326E-04
     432 -3.551419013084E-03
     428 -1.411671068470E-03
     380 -2.994917571005E-03
     408 -5.738109263147E-03
      58  1.886997293702E-02
      64  3.774017943479E-02
     376 -4.352689504679E-02
     404 -8.179489617950E-02
      57  6.112834831736E-02
     372 -5.632342432027E-02
      63  1.453884154251E-01
     400 -9.086594668153E-02
      62  3.494415069291E-02
     396 -1.377947353137E-02
      56  1.168026132777E-02
     368 -9.487774910395E-03
Nonmortar Node Wts  3.097513281350E-01  3.097513281350E-01  6.793028777910E-01  8.535955690777E-01
      64
     384 -9.487764926826E-03
     412 -1.377946258100E-02
      59  1.168025952043E-02
      65  3.494415606368E-02
     436 -1.411670665460E-03
     432 -3.551419200772E-03
     428 -2.768005953851E-04
     380 -5.632342629251E-02
     408 -9.086595596123E-02
      58  6.112834733119E-02
     376 -4.352690120269E-02
      64  1.453884210642E-01
     404 -8.179490854808E-02
      63  3.774017943479E-02
     400 -5.738109124661E-03
      57  1.886997293702E-02
     372 -2.994917252668E-03
Nonmortar Node Wts  3.097513363513E-01  3.097513363513E-01  6.793028341417E-01  8.535954671650E-01
      65
     332 -2.033321488273E-09
      72  4.752585858625E-07
     360 -5.568084838156E-07
      71  1.145227249041E-07
     356 -3.444378831823E-08
     328 -9.847610741465E-11
     388 -2.430056780267E-02
     416 -2.903147586120E-02
      60  1.209640542734E-02
      66  3.282420204806E-02
     384 -6.845136895328E-02
     412 -9.322580012524E-02
      59  4.852066231278E-02
     380 -2.590218624723E-02
      65  1.406318739116E-01
     408 -3.841439374315E-02
      64  3.494415606368E-02
     404 -8.337340510444E-04
      58  1.168025952043E-02
     376 -5.380288972984E-04
Nonmortar Node Wts  2.806981490652E-01  2.806981490652E-01  6.688268028652E-01  9.464835772128E-01
      66
     332 -9.348703123383E-09
      72  2.067373276552E-06
     360 -2.422877869755E-06
      71  4.752585858625E-07
     356 -1.264701956392E-07
     328 -3.877071918144E-10
     388 -3.124258048635E-02
     416 -3.463034961433E-02
      60  1.464302270410E-02
     384 -1.512742697700E-02
      66  3.955368495575E-02
     412 -1.811651540764E-02
      65  3.282420204806E-02
     408 -2.583276461711E-07
      59  1.209640542734E-02
     380 -1.678696771296E-07
Nonmortar Node Wts  9.911985776711E-02  9.911985776711E-02  2.314813212498E-01  9.240515507916E-01
      67
     344 -2.674782715575E-08
     372 -8.625794607385E-10
     368 -3.085105800348E-05
     364 -1.469262853387E-05
     284 -2.980035238090E-05
      74  7.760881325864E-04
      73  1.210868919080E-03
     280 -8.039385210539E-05
      62  4.753128759991E-07
     312 -5.938155538696E-04
      68  2.036819576396E-03
     340 -1.737518489723E-03
      67  1.626743459618E-03
     336 -1.729408471233E-03
      61  2.067589337440E-06
     308 -1.436554973637E-03
Nonmortar Node Wts  5.653062989893E-03  5.653062989893E-03  2.470752565663E-01  2.803091204143E+00
      68
     376 -1.762015947273E-05
     348 -9.120647243872E-04
     292 -8.768876809493E-08
     320 -3.523515974137E-04
      69  3.774075856317E-02
     288 -1.117639126947E-05
      75  1.887035933730E-02
     316 -2.281672087150E-02
     344 -5.220101898432E-02
     372 -6.593337091704E-04
     368 -6.643971703309E-04
     364 -3.505035608318E-05
     284 -7.051394350393E-05
      74  3.905827805460E-02
      73  7.760881325864E-04
     280 -4.536827858378E-05
      62  1.145372382388E-07
     312 -3.073389883678E-02
      68  8.288350441491E-02
     340 -6.979584564817E-02
      67  2.036819576396E-03
     336 -2.172962754261E-03
      61  4.753128759991E-07
     308 -8.779868150584E-04
Nonmortar Node Wts  1.813663979291E-01  1.813663979291E-01  6.719364276907E-01  1.422396700114E+00
      69
     352 -1.894441731766E-03
     380 -1.416282377081E-04
      70  1.182788920731E-02
      76  7.242736820288E-04
     376 -1.954681071378E-03
     372 -2.121660149327E-03
     368 -2.187760205151E-04
     348 -3.309036309403E-02
     344 -9.706741034689E-02
     340 -2.083409377368E-02
     292 -9.250197770085E-07
     320 -3.778885003930E-03
      69  9.875613534056E-02
     288 -1.255758415384E-05
      75  3.913936824121E-02
     316 -3.646714145830E-02
      74  1.887035933730E-02
     312 -9.470866537370E-03
      68  3.774075856317E-02
     284 -5.354342752364E-06
Nonmortar Node Wts  2.070587843716E-01  2.070587843716E-01  6.793180824404E-01  1.295712182672E+00
      70
     384 -2.187779164461E-04
     356 -2.083406684938E-02
     300 -5.354279061531E-06
     328 -9.470843333997E-03
      71  3.774076491446E-02
     296 -1.255749496081E-05
      77  1.887036236110E-02
     324 -3.646711732871E-02
     320 -3.778889710919E-03
     292 -9.250178010214E-07
     352 -9.706748293964E-02
     380 -2.121674941320E-03
      70  9.875619097163E-02
     348 -3.309041775493E-02
      76  3.913938193682E-02
     376 -1.954686363145E-03
      75  7.242736820288E-04
     372 -1.416279348166E-04
      69  1.182788920731E-02
     344 -1.894441208236E-03
Nonmortar Node Wts  2.070588630734E-01  2.070588630734E-01  6.793180686339E-01  1.295711758701E+00
      71
     388 -3.505138295080E-05
     304 -4.536780437353E-05
      78  7.760840572271E-04
     384 -6.644069675962E-04
     380 -6.593409501132E-04
     376 -1.762037682137E-05
     352 -5.220111363457E-02
     348 -9.120692314720E-04
     300 -7.051308053201E-05
     296 -1.117628386475E-05
      77  3.905827466028E-02
     324 -2.281672020521E-02
      76  1.887036236110E-02
     320 -3.523524796933E-04
      70  3.774076491446E-02
     292 -8.768856374821E-08
      66  4.752585858625E-07
     332 -8.779805407226E-04
      72  2.036849373137E-03
     360 -2.172991877281E-03
      71  8.288360052782E-02
     356 -6.979590400257E-02
      65  1.145227249041E-07
     328 -3.073382916900E-02
Nonmortar Node Wts  1.813665256753E-01  1.813665256753E-01  6.719363725320E-01  1.422395894379E+00
      72
     388 -1.469326562440E-05
     384 -3.085203427348E-05
     380 -8.626945052933E-10
     352 -2.675117894021E-08
     304 -8.039309577165E-05
      78  1.210862300570E-03
      77  7.760840572271E-04
     300 -2.980005224008E-05
      66  2.067373276552E-06
     332 -1.436545795258E-03
      72  1.626747839773E-03
     360 -1.729412978552E-03
      71  2.036849373137E-03
     356 -1.737549717578E-03
      65  4.752585858625E-07
     328 -5.938116493984E-04
Nonmortar Node Wts  5.653086202569E-03  5.653086202569E-03  2.470752707995E-01  2.803090441821E+00
      73
     344 -7.002256790194E-10
     372 -1.476440839550E-11
     340 -2.535633179765E-05
     368 -3.465337419999E-07
     364 -1.251222178213E-07
     336 -1.210481199106E-05
      68  7.760881325864E-04
     284 -7.025231916378E-04
      74  1.161331293742E-02
     312 -9.002813297959E-03
      73  1.709440798062E-02
     308 -1.925352423508E-02
      67  1.210868919080E-03
     280 -1.697883730283E-03
Nonmortar Node Wts  3.069467796970E-02  3.069467796970E-02  2.561125064598E-01  2.129919743967E+00
      74
     264 -7.119936828714E-06
     260 -3.874480582663E-04
      81  1.887045198203E-02
      80  3.774061091273E-02
     256 -4.133507971678E-04
     376 -6.536881614627E-07
     348 -4.202918300790E-04
     292 -5.725317328761E-04
     320 -1.439140262323E-03
      69  1.887035933730E-02
     288 -3.658167178912E-02
      75  7.548167732475E-02
     316 -9.105094576500E-02
     344 -2.394328387330E-02
     372 -2.042912136383E-05
     340 -2.827041912669E-02
     368 -1.418543936773E-05
     364 -3.787239502952E-07
     336 -2.881346930325E-05
      68  3.905827805460E-02
     284 -4.573955739614E-02
      74  1.716467325503E-01
     312 -1.313007972568E-01
      73  1.161331293742E-02
     308 -1.283363557170E-02
      67  7.760881325864E-04
     280 -1.032857393271E-03
Nonmortar Node Wts  3.740575112317E-01  3.740575112317E-01  6.734080303558E-01  6.317530732908E-01
      75
     264 -7.632655381967E-05
     260 -6.661877044707E-04
      81  3.774119700448E-02
      80  1.887045198203E-02
     256 -1.417811726205E-04
     352 -1.201809430872E-04
     380 -5.723245785788E-06
      70  7.242736820288E-04
      76  6.180354300334E-05
     376 -7.903630626690E-05
     372 -7.746486755461E-05
     368 -6.106701944224E-06
     348 -6.013724247728E-03
     344 -4.175180966422E-02
     340 -9.544195154714E-03
     292 -6.202416012506E-03
     320 -1.566651682360E-02
      69  3.913936824121E-02
     288 -5.932337510043E-02
      75  1.510812661769E-01
     316 -1.505773800921E-01
      74  7.548167732475E-02
     312 -3.716491045639E-02
      68  1.887035933730E-02
     284 -1.455326224450E-02
Nonmortar Node Wts  3.419703972917E-01  3.419703972917E-01  6.793573123640E-01  7.424353778965E-01
      76
     272 -1.417808228290E-04
     268 -6.661874156361E-04
      83  1.887045513543E-02
      82  3.774119988872E-02
     264 -7.632674746737E-05
     384 -6.106785623202E-06
     356 -9.544192014863E-03
     300 -1.455323487754E-02
     328 -3.716487398401E-02
      71  1.887036236110E-02
     296 -5.932337061307E-02
      77  7.548168910487E-02
     324 -1.505774091301E-01
     320 -1.566653940217E-02
     292 -6.202430018697E-03
     352 -4.175185746420E-02
     380 -7.746565698209E-05
      70  3.913938193682E-02
     348 -6.013740152350E-03
      76  1.510812899644E-01
     376 -7.903659285413E-05
      75  6.180354300334E-05
     372 -5.723224837466E-06
      69  7.242736820288E-04
     344 -1.201807131312E-04
Nonmortar Node Wts  3.419704556164E-01  3.419704556164E-01  6.793573853187E-01  7.424353068344E-01
      77
     272 -4.133501288321E-04
     268 -3.874483143217E-04
      83  3.774062064225E-02
      82  1.887045513543E-02
     264 -7.119966907980E-06
     360 -2.881431445788E-05
     388 -3.787384551079E-07
      72  7.760840572271E-04
     304 -1.032850101913E-03
      78  1.161327776012E-02
     332 -1.283359169640E-02
     384 -1.418572701926E-05
     380 -2.042943593328E-05
     376 -6.536986496215E-07
     356 -2.827043317383E-02
     352 -2.394333481087E-02
     348 -4.202936722289E-04
     300 -4.573948731700E-02
     328 -1.313006596565E-01
      71  3.905827466028E-02
     296 -3.658170027131E-02
      77  1.716466697898E-01
     324 -9.105102484086E-02
      76  7.548168910487E-02
     320 -1.439143789395E-03
      70  1.887036236110E-02
     292 -5.725338561975E-04
Nonmortar Node Wts  3.740574335111E-01  3.740574335111E-01  6.734081362769E-01  6.317534828583E-01
      78
     360 -1.210533787408E-05
     388 -1.251287095094E-07
     356 -2.535713563911E-05
     384 -3.465481615512E-07
     380 -1.476651570833E-11
     352 -7.003200962120E-10
      72  1.210862300570E-03
     304 -1.697873227648E-03
      78  1.709436276697E-02
     332 -1.925347134542E-02
      77  1.161327776012E-02
     328 -9.002788829195E-03
      71  7.760840572271E-04
     300 -7.025186171629E-04
Nonmortar Node Wts  3.069458688489E-02  3.069458688489E-02  2.561125407846E-01  2.129921920731E+00
      80
     236 -3.600999159793E-05
      87  1.886945305395E-02
     232 -1.504710686414E-03
     228 -2.855142604650E-03
      86  4.781749026982E-02
      85  5.062966545628E-03
     252 -5.490607613950E-03
      79  1.503872449830E-03
     224 -7.130495835743E-04
     320 -2.192283455837E-04
     316 -1.383109506967E-02
     312 -1.653374271682E-02
     264 -1.038064523329E-03
     292 -1.450260194109E-03
      75  1.887045198203E-02
     260 -5.511431154039E-02
      81  7.547971646217E-02
     288 -8.861034806019E-02
      80  1.539054306123E-01
     284 -1.025387529892E-01
      74  3.774061091273E-02
     256 -6.931466836897E-02
Nonmortar Node Wts  3.592499922884E-01  3.592499922884E-01  6.756812326662E-01  6.808969374946E-01
      81
     236 -3.485950041271E-04
     232 -2.545344569250E-03
      87  3.773866841781E-02
      86  1.886945305395E-02
     228 -4.425181607914E-04
     320 -2.376189568701E-03
     316 -2.277801884191E-02
     312 -5.499104896818E-03
     264 -1.037080700297E-02
     292 -1.523334814078E-02
      75  3.774119700448E-02
     260 -8.711084251294E-02
      81  1.509595436158E-01
     288 -1.410357155674E-01
      80  7.547971646217E-02
     284 -3.332015293348E-02
      74  1.887045198203E-02
     256 -1.859839333708E-02
Nonmortar Node Wts  3.396590305363E-01  3.396590305363E-01  6.793364701075E-01  7.500304862846E-01
      82
     244 -4.425172672930E-04
     240 -2.545342921472E-03
      89  1.886945161235E-02
      88  3.773866724586E-02
     236 -3.485950722880E-04
     328 -5.499101104598E-03
     324 -2.277803126278E-02
     320 -2.376195079308E-03
     272 -1.859836807918E-02
     300 -3.332010000033E-02
      77  1.887045513543E-02
     268 -8.711083908808E-02
      83  7.547971988591E-02
     296 -1.410357419885E-01
      82  1.509595470407E-01
     292 -1.523338789234E-02
      76  3.774119988872E-02
     264 -1.037082105277E-02
Nonmortar Node Wts  3.396590408089E-01  3.396590408089E-01  6.793364803827E-01  7.500304692759E-01
      83
     248 -7.130470936829E-04
     276 -5.490594740916E-03
      84  1.503868146795E-03
      90  5.062958118956E-03
     244 -2.855136135113E-03
     240 -1.504709630568E-03
      89  4.781747049014E-02
      88  1.886945161235E-02
     236 -3.601001341054E-05
     328 -1.653374302227E-02
     324 -1.383111812243E-02
     320 -2.192291654492E-04
     272 -6.931459764923E-02
     300 -1.025386602189E-01
      77  3.774062064225E-02
     268 -5.511434194136E-02
      83  1.539054334268E-01
     296 -8.861045661858E-02
      82  7.547971988591E-02
     292 -1.450266234254E-03
      76  1.887045513543E-02
     264 -1.038066872499E-03
Nonmortar Node Wts  3.592499774586E-01  3.592499774586E-01  6.756812740084E-01  6.808970526599E-01
      85
     232 -2.771627322633E-06
     260 -1.126702044384E-05
      80  5.062966545628E-03
     228 -5.501574298964E-03
      86  2.660741550829E-02
     256 -2.417399059385E-02
      85  4.295314887167E-02
     252 -4.347173553981E-02
      79  8.277880427994E-03
     224 -9.740072273187E-03
Nonmortar Node Wts  8.290141135358E-02  8.290141135358E-02  2.879910530184E-01  1.355833469570E+00
      86
     208 -5.930223208001E-05
      93  1.335772579178E-02
      92  2.464447155419E-02
     204 -4.041429726896E-04
     292 -1.309294807538E-04
     288 -7.940664625017E-03
     284 -9.028540389695E-03
     236 -1.570699297121E-03
     264 -1.742380467602E-03
      81  1.886945305395E-02
      87  7.336165926668E-02
     232 -5.890268604578E-02
     260 -8.974130833089E-02
      80  4.781749026982E-02
     228 -6.598508617016E-02
      86  1.998051321899E-01
     256 -1.442283880751E-01
      85  2.660741550829E-02
     252 -2.429854496812E-02
      79  5.062966545628E-03
     224 -5.493641125207E-03
Nonmortar Node Wts  4.095263141802E-01  4.095263141802E-01  6.771573085881E-01  5.366178658465E-01
      87
     208 -5.379093370516E-04
      93  3.282139739183E-02
      92  1.335772579178E-02
     204 -2.110662408255E-03
     292 -1.298329962766E-03
     288 -1.172743129556E-02
     284 -2.788204589092E-03
     236 -1.435066193817E-02
     264 -1.649515340827E-02
      81  3.773866841781E-02
     232 -9.731947747656E-02
      87  1.490223340002E-01
     260 -1.335958604903E-01
      86  7.336165926668E-02
     256 -2.827508499415E-02
      80  1.886945305395E-02
     228 -1.667246202203E-02
Nonmortar Node Wts  3.251712379222E-01  3.251712379222E-01  6.792930625834E-01  7.989899812994E-01
      88
     212 -2.110659751786E-03
      95  1.335772942991E-02
      94  3.282139789294E-02
     208 -5.379085189839E-04
     300 -2.788202283494E-03
     296 -1.172743571633E-02
     292 -1.298332246323E-03
     244 -1.667244793926E-02
     272 -2.827506703976E-02
      83  1.886945161235E-02
     240 -9.731946538026E-02
      89  7.336165758482E-02
     268 -1.335958819819E-01
      88  1.490223273223E-01
     264 -1.649516597157E-02
      82  3.773866724586E-02
     236 -1.435066425860E-02
Nonmortar Node Wts  3.251712310882E-01  3.251712310882E-01  6.792930292391E-01  7.989899497355E-01
      89
     212 -4.041424609988E-04
      95  2.464448210673E-02
      94  1.335772942991E-02
     208 -5.930214280577E-05
     248 -5.493627734159E-03
     276 -2.429851817552E-02
      84  5.062958118956E-03
      90  2.660739769018E-02
     300 -9.028537286260E-03
     296 -7.940673642848E-03
     292 -1.309298486470E-04
     244 -6.598503200956E-02
     272 -1.442283354409E-01
      83  4.781747049014E-02
     240 -5.890269731686E-02
      89  1.998050945697E-01
     268 -8.974136261413E-02
      88  7.336165758482E-02
     264 -1.742382787779E-03
      82  1.886945161235E-02
     236 -1.570700142255E-03
Nonmortar Node Wts  4.095262416028E-01  4.095262416028E-01  6.771572559866E-01  5.366179768253E-01
      90
     248 -9.740051599344E-03
     276 -4.347170569379E-02
      84  8.277866524166E-03
     244 -5.501565691408E-03
      90  4.295312362863E-02
     272 -2.417398420499E-02
      89  2.660739769018E-02
     268 -1.126712319911E-05
      83  5.062958118956E-03
     240 -2.771649202323E-06
Nonmortar Node Wts  8.290134596193E-02  8.290134596193E-02  2.879910516281E-01  1.355834287583E+00
      91
     232 -5.313779245591E-06
     228 -1.527516665845E-02
     224 -3.010318496651E-02
     176 -8.663295991583E-08
     204 -9.449641406036E-06
      92  3.592359573402E-02
     172 -6.629788533177E-04
      98  1.760855804030E-02
     200 -2.871735794495E-02
      97  2.271322955588E-02
     196 -5.014286759666E-02
      91  4.951670468216E-02
     168 -8.456819388552E-04
Nonmortar Node Wts  1.257620880124E-01  1.257620880124E-01  2.674864426350E-01  8.191991619860E-01
      92
     180 -7.200718934458E-05
      99  1.886859419501E-02
     224 -1.860483672777E-02
     176 -2.944730794053E-03
     172 -5.406100658776E-03
      98  7.532079171231E-02
     200 -1.335095540376E-01
      97  1.760855804030E-02
     196 -3.631669425545E-02
      91  3.592359573402E-02
     168 -9.290473029429E-04
     264 -1.142603190394E-04
     260 -5.982864084435E-03
     256 -6.237218917442E-03
     228 -7.855400495655E-02
      87  1.335772579178E-02
     208 -1.711429058250E-03
      93  5.191040011288E-02
     236 -1.940774337951E-03
      92  1.684666159179E-01
     232 -5.164514122296E-02
      86  2.464447155419E-02
     204 -6.213208919589E-02
Nonmortar Node Wts  4.061007530584E-01  4.061007530584E-01  6.745799415510E-01  5.417323216813E-01
      93
     240 -1.962925100961E-03
     184 -3.929304112490E-04
     212 -6.501086758628E-03
      94  3.773744959337E-02
     100  1.886867900888E-02
     180 -5.810998588511E-03
     176 -6.890088196186E-03
      99  7.547448508969E-02
      98  1.886859419501E-02
     200 -1.831537645323E-02
     172 -9.665694406687E-04
     264 -1.021614370292E-03
     260 -8.223409993153E-03
     256 -1.814005186605E-03
     228 -1.331670132661E-02
      87  3.282139739183E-02
     208 -1.012035871102E-01
      93  2.057680829819E-01
     236 -4.311712370334E-02
      92  5.191040011288E-02
     232 -1.093766102473E-01
      86  1.335772579178E-02
     204 -1.358937872784E-01
Nonmortar Node Wts  4.548068141653E-01  4.548068141653E-01  6.792747388439E-01  4.238206962477E-01
      94
     188 -9.665685834409E-04
     216 -1.831538383628E-02
     101  1.886859433042E-02
     232 -1.962920794578E-03
     184 -6.890082472260E-03
     180 -5.810993867924E-03
     100  7.547448536202E-02
      99  1.886867900888E-02
     204 -6.501073705812E-03
      93  3.773744959337E-02
     176 -3.929298458587E-04
     244 -1.331670821705E-02
     272 -1.814005786799E-03
     268 -8.223416458943E-03
     264 -1.021615367084E-03
      89  1.335772942991E-02
     212 -1.358938010450E-01
      95  5.191040478681E-02
     240 -1.093766634831E-01
      94  2.057680804768E-01
     236 -4.311712058398E-02
      88  3.282139789294E-02
     208 -1.012035368330E-01
Nonmortar Node Wts  4.548068208811E-01  4.548068208811E-01  6.792747113223E-01  4.238206353620E-01
      95
     248 -1.860485105652E-02
     192 -9.290450445191E-04
     220 -3.631668261071E-02
      96  3.592359489922E-02
     102  1.760855765709E-02
     188 -5.406091368112E-03
     216 -1.335095317938E-01
     184 -2.944725811326E-03
     101  7.532079165412E-02
     100  1.886859433042E-02
     180 -7.200695292377E-05
     244 -7.855405563531E-02
     272 -6.237222819239E-03
     268 -5.982871819491E-03
     264 -1.142604881755E-04
      89  2.464448210673E-02
     212 -6.213206261336E-02
      95  1.684666295364E-01
     240 -5.164517667808E-02
      94  5.191040478681E-02
     236 -1.940774180171E-03
      88  1.335772942991E-02
     208 -1.711425528953E-03
Nonmortar Node Wts  4.061007844007E-01  4.061007844007E-01  6.745799231844E-01  5.417322052318E-01
      96
     248 -3.010321072195E-02
     244 -1.527518014690E-02
     240 -5.313788667853E-06
     192 -8.456793082591E-04
     220 -5.014284384385E-02
      96  4.951670554391E-02
     188 -6.629770384383E-04
     102  2.271322828881E-02
     216 -2.871734528366E-02
     101  1.760855765709E-02
     212 -9.449625143104E-06
      95  3.592359489922E-02
     184 -8.663217378448E-08
Nonmortar Node Wts  1.257620863890E-01  1.257620863890E-01  2.674864452249E-01  8.191991873762E-01
      97
     104  9.098614894096E-03
     103  8.940820037673E-03
     232 -1.016899378000E-06
     228 -4.055587494146E-03
     224 -8.742898367485E-03
     176 -2.733741850400E-07
     204 -4.911891354405E-06
      92  1.760855804030E-02
     172 -2.014632669922E-02
      98  6.319104476367E-02
     200 -4.018161516310E-02
      97  6.991930715347E-02
     196 -7.966628242335E-02
      91  2.271322955588E-02
     168 -3.867266213287E-02
Nonmortar Node Wts  1.914715744451E-01  1.914715744451E-01  2.051329072236E-01  6.969166302483E-02
      98
     105  7.420830496978E-03
     104  3.468952286405E-02
     103  9.098614894096E-03
     236 -9.536842215037E-05
     180 -1.114823363671E-03
     208 -1.589009757460E-03
      93  1.886859419501E-02
      99  6.841323617234E-02
     232 -4.687429345304E-03
     228 -1.339016859306E-02
     224 -5.367720925496E-03
     176 -5.268179558150E-02
     204 -7.397524487423E-02
      92  7.532079171231E-02
     172 -1.265811311900E-01
      98  2.776249584730E-01
     200 -1.870144750305E-01
      97  6.319104476367E-02
     196 -6.461169135627E-02
      91  1.760855804030E-02
     168 -4.112729317211E-02
Nonmortar Node Wts  5.722361516117E-01  5.722361516117E-01  6.608704674861E-01  1.472866825831E-01
      99
     106  6.927316142220E-03
     105  2.810789549470E-02
     104  7.420830496978E-03
     240 -4.023835709001E-04
     184 -6.492284661744E-03
     212 -7.988226060457E-03
      94  1.886867900888E-02
     100  6.774341451159E-02
     236 -6.118602357522E-03
     232 -8.629964380498E-03
     228 -1.452396905270E-03
     180 -9.341134711110E-02
     208 -1.183124450686E-01
      93  7.547448508969E-02
     176 -1.201553842706E-01
      99  2.715281551718E-01
     204 -1.545640992620E-01
      98  6.841323617234E-02
     200 -2.536345535027E-02
      92  1.886859419501E-02
     172 -2.046201728430E-02
Nonmortar Node Wts  5.633526062832E-01  5.633526062832E-01  6.792865419230E-01  1.925821676953E-01
     100
     107  7.420836204409E-03
     106  2.810790974318E-02
     105  6.927316142220E-03
     244 -1.452399528539E-03
     188 -2.046201599687E-02
     216 -2.536347596408E-02
      95  1.886859433042E-02
     101  6.841324450879E-02
     240 -8.629976852346E-03
     236 -6.118602500064E-03
     232 -4.023825163219E-04
     184 -1.201554018145E-01
     212 -1.545641892044E-01
      94  7.547448536202E-02
     180 -9.341132236519E-02
     100  2.715281819763E-01
     208 -1.183124102387E-01
      99  6.774341451159E-02
     204 -7.988209324339E-03
      93  1.886867900888E-02
     176 -6.492275482446E-03
Nonmortar Node Wts  5.633526617878E-01  5.633526617878E-01  6.792865596965E-01  1.925820912860E-01
     101
     108  9.098621087105E-03
     107  3.468955364039E-02
     106  7.420836204409E-03
     248 -5.367729086027E-03
     192 -4.112727754063E-02
     220 -6.461171910319E-02
      96  1.760855765709E-02
     102  6.319104690818E-02
     244 -1.339018778143E-02
     240 -4.687434367626E-03
     236 -9.536834792289E-05
     188 -1.265811089206E-01
     216 -1.870145444692E-01
      95  7.532079165412E-02
     184 -5.268178833617E-02
     101  2.776249918042E-01
     212 -7.397525039263E-02
     100  6.841324450879E-02
     208 -1.589007148630E-03
      94  1.886859433042E-02
     180 -1.114822300596E-03
Nonmortar Node Wts  5.722362377947E-01  5.722362377947E-01  6.608704489468E-01  1.472864960126E-01
     102
     108  8.940824345377E-03
     107  9.098621087105E-03
     248 -8.742911152387E-03
     244 -4.055593156319E-03
     240 -1.016899484341E-06
     192 -3.867263878735E-02
     220 -7.966629895089E-02
      96  2.271322828881E-02
     188 -2.014631620581E-02
     102  6.991930163343E-02
     216 -4.018161952660E-02
     101  6.319104690818E-02
     212 -4.911868913370E-06
      95  1.760855765709E-02
     184 -2.733722376999E-07
Nonmortar Node Wts  1.914715799200E-01  1.914715799200E-01  2.051328871267E-01  6.969153365727E-02
     105
     184 -1.308598407272E-03
     212 -2.359655566538E-04
     100  6.927316142220E-03
     106  2.609663997769E-03
     180 -1.853317470990E-02
     208 -3.366363327710E-03
      99  2.810789549470E-02
     176 -2.488718214794E-02
     105  1.072525233229E-02
     204 -4.646233376538E-03
     104  2.973397206531E-03
     200 -9.387120422840E-04
      98  7.420830496978E-03
     172 -4.848126102195E-03
Nonmortar Node Wts  5.876435567049E-02  5.876435567049E-02  3.396516520913E-01  1.843171659728E+00
     106
     188 -4.848129738621E-03
     216 -9.387134098152E-04
     101  7.420836204409E-03
     107  2.973401490934E-03
     184 -2.488720434926E-02
     212 -4.646240012570E-03
     100  2.810790974318E-02
     180 -1.853317624224E-02
     106  1.072526184968E-02
     208 -3.366364098745E-03
     105  2.609663997769E-03
     204 -2.359651169523E-04
      99  6.927316142220E-03
     176 -1.308596459996E-03
Nonmortar Node Wts  5.876438942819E-02  5.876438942819E-02  3.396516660057E-01  1.843171201224E+00
