Host Sum of Weights  2.548378277873E+01
      55                        This is the nonmortar node and the low numbers < 200 are mortar nodes
      55  3.601037892071E-02    These are the nonmortar node wts
      61  1.939109205094E-02
      62  1.691194689799E-02
      56  3.308355306874E-02
     364  8.726419965506E-03    These are the mortar node wts   
     368  4.013836711257E-03
     396  2.626907068019E-02
     392  5.202745167592E-02
     372  4.366535614523E-08
     400  2.358501885932E-07
     424  5.313954560829E-03
     420  9.045942436160E-03
     428  1.539297610388E-08
      55  1.053969709384E-01  1.053969709384E-01 This is the total for the nonmortar side wts for node 55 (about integrated segment area/4)
      56
      55  3.308355306874E-02
      61  1.691194689799E-02
      62  7.517608350420E-02
      56  1.501527147502E-01
      63  1.887003569750E-02
      57  3.773990943621E-02
     364  6.687308446802E-03
     368  1.701566618370E-02
     396  1.370762348214E-01
     392  4.584372526568E-02
     372  6.226600043242E-03
     400  5.547470874952E-02
     424  3.641596537323E-02
     420  9.510682834767E-03
     428  1.596737803742E-02
     376  1.319607423500E-04
     404  1.232686548084E-03
     432  3.513263086763E-04
      56  3.319342433549E-01  3.319342433549E-01
      57
      56  3.773990943621E-02
      62  1.887003569750E-02
      63  7.547982885470E-02
      57  1.509588666702E-01
      64  1.886997293701E-02
      58  3.773971231324E-02
     368  2.260844936631E-03
     372  1.355102999046E-02
     400  1.220805394095E-01
     396  2.001293540825E-02
     376  1.069075648729E-02
     404  9.562234553911E-02
     428  3.477329197986E-02
     424  5.890607772023E-03
     432  2.579629833227E-02
     380  7.317521299100E-04
     408  6.495478666146E-03
     436  1.752445257443E-03
      57  3.396583259089E-01  3.396583259089E-01
      58
      57  3.773971231324E-02
      63  1.886997293701E-02
      64  7.547983383078E-02
      58  1.509588772979E-01
      65  1.887004067356E-02
      59  3.773991972608E-02
     372  7.317520789435E-04
     376  1.069075817789E-02
     404  9.562236561155E-02
     400  6.495479071791E-03
     380  1.355102853819E-02
     408  1.220805465601E-01
     432  2.579630452664E-02
     428  1.752445552034E-03
     436  3.477330941712E-02
     384  2.260841324351E-03
     412  2.001291503809E-02
     440  5.890610881899E-03
      58  3.396583567786E-01  3.396583567786E-01
      59
      58  3.773991972608E-02
      64  1.887004067356E-02
      65  7.517611535523E-02
      59  1.501527796681E-01
      66  1.691195597631E-02
      60  3.308357130154E-02
     376  1.319609720825E-04
     380  6.226601643596E-03
     408  5.547475335502E-02
     404  1.232689176607E-03
     384  1.701564655197E-02
     412  1.370762366098E-01
     436  1.596741082314E-02
     432  3.513271947105E-04
     440  3.641605458921E-02
     388  6.687293972655E-03
     416  4.584370073539E-02
     444  9.510707076562E-03
      59  3.319343827008E-01  3.319343827008E-01
      60
      59  3.308357130154E-02
      65  1.691195597631E-02
      66  1.939110945846E-02
      60  3.601041121218E-02
     380  4.366741988684E-08
     384  4.013833729498E-03
     412  2.626909356652E-02
     408  2.358624267391E-07
     388  8.726407592612E-03
     416  5.202746777835E-02
     440  5.313975687948E-03
     436  1.539421209035E-08
     444  9.045974669507E-03
      60  1.053970479485E-01  1.053970479485E-01
      61
      55  1.939109205094E-02
      61  8.539362757839E-02
      62  6.944018256615E-02
      56  1.691194689799E-02
      67  2.270762055165E-02
      68  1.763676329199E-02
     364  8.922546857942E-02
     368  4.525059179649E-02
     396  2.357668321719E-02
     392  4.365435425110E-02
     372  4.527640572231E-07
     400  3.252062840401E-07
     424  7.610761012195E-04
     420  1.174459872666E-03
     428  5.233152996277E-09
     308  9.350028040376E-09
     312  3.877761308882E-10
     340  9.052828267058E-03
     336  1.878491458222E-02
     344  6.332844328822E-08
      61  2.314812329371E-01  2.314812329371E-01
      62
      55  1.691194689799E-02
      61  6.944018256615E-02
      62  3.011116363255E-01
      56  7.517608350420E-02
      63  7.547826112896E-02
      57  1.887003569750E-02
      67  1.763676329199E-02
      68  7.533280394070E-02
      69  1.886904018806E-02
     364  6.932712758680E-02
     368  2.155900908599E-01
     396  1.286601258006E-01
     392  3.783657619915E-02
     372  8.450481687029E-02
     400  5.451443235433E-02
     424  5.701970758493E-03
     420  1.284014600799E-03
     428  2.616100694847E-03
     376  1.695479335670E-03
     404  1.190459481911E-03
     432  5.750291892707E-05
     308  2.033626357607E-09
     312  9.849472085593E-11
     340  3.861130553963E-02
     336  1.355318453014E-02
     344  1.344679111315E-02
     348  2.367727642241E-04
      62  6.688267535411E-01  6.688267535411E-01
      63
      56  1.887003569750E-02
      62  7.547826112896E-02
      63  3.019122051861E-01
      57  7.547982885470E-02
      64  7.547826471624E-02
      58  1.886997293701E-02
      68  1.886904018806E-02
      69  7.547612790108E-02
      70  1.886914118140E-02
     368  3.156951331130E-02
     372  1.872817770648E-01
     400  1.204963131405E-01
     396  1.955291351766E-02
     376  1.433779058424E-01
     404  9.333137143965E-02
     428  5.631295565339E-03
     424  9.505541599008E-04
     432  4.086139487672E-03
     380  1.001027978942E-02
     408  6.380585063516E-03
     436  2.768004369783E-04
     340  5.302086902893E-03
     344  2.872878150400E-02
     348  2.084172274812E-02
     352  1.484837816897E-03
      63  6.793028777910E-01  6.793028777910E-01
      64
      57  1.886997293701E-02
      63  7.547826471624E-02
      64  3.019121781818E-01
      58  7.547983383078E-02
      65  7.547825849359E-02
      59  1.887004067356E-02
      69  1.886914118140E-02
      70  7.547610996294E-02
      71  1.886903416436E-02
     372  1.001028013231E-02
     376  1.433779229739E-01
     404  9.333138815367E-02
     400  6.380584787298E-03
     380  1.872817636750E-01
     408  1.204963353261E-01
     432  4.086140450729E-03
     428  2.768004829306E-04
     436  5.631299432212E-03
     384  3.156947657830E-02
     412  1.955290232331E-02
     440  9.505552950688E-04
     344  1.484839348222E-03
     348  2.084172184067E-02
     352  2.872875062675E-02
     356  5.302072715200E-03
      64  6.793028341417E-01  6.793028341417E-01
      65
      58  1.887004067356E-02
      64  7.547825849359E-02
      65  3.011116560167E-01
      59  7.517611535523E-02
      66  6.944019699816E-02
      60  1.691195597631E-02
      70  1.886903416436E-02
      71  7.533278354987E-02
      72  1.763676163746E-02
     376  1.695482236406E-03
     380  8.450486957067E-02
     408  5.451449068677E-02
     404  1.190461809045E-03
     384  2.155900421869E-01
     412  1.286602087770E-01
     436  2.616107388606E-03
     432  5.750306597928E-05
     440  5.701990836424E-03
     388  6.932706802977E-02
     416  3.783658681863E-02
     444  1.284019791398E-03
     348  2.367732221519E-04
     352  1.344678959375E-02
     356  3.861125217902E-02
     328  9.847596978407E-11
     332  2.033321624998E-09
     360  1.355315454090E-02
      65  6.688268028652E-01  6.688268028652E-01
      66
      59  1.691195597631E-02
      65  6.944019699816E-02
      66  8.539367305620E-02
      60  1.939110945846E-02
      71  1.763676163746E-02
      72  2.270762412322E-02
     380  4.527894292563E-07
     384  4.525061609408E-02
     412  2.357672332754E-02
     408  3.252225287069E-07
     388  8.922546291136E-02
     416  4.365440661788E-02
     440  7.610803016023E-04
     436  5.233518976333E-09
     444  1.174466049167E-03
     328  3.877073282767E-10
     332  9.348702987818E-09
     360  1.878488707134E-02
     356  9.052822561382E-03
     352  6.333356885225E-08
      66  2.314813212498E-01  2.314813212498E-01
      67
      61  2.270762055165E-02
      67  9.382708711511E-02
      68  7.108181664938E-02
      62  1.763676329199E-02
      73  2.396497878498E-02
      74  1.785699017323E-02
     308  3.143961933932E-02
     312  1.547724835274E-02
     340  5.118034691875E-02
     336  9.984542094576E-02
     368  1.710785883621E-02
     364  3.167553862916E-02
     344  3.668598835649E-07
     372  1.548749109411E-07
     396  1.005956658273E-04
     392  1.377817474448E-04
     400  1.777955235961E-09
     280  8.039387514824E-05
     284  2.981725343582E-05
     288  1.349105958933E-10
     316  1.113548839525E-07
      67  2.470752565663E-01  2.470752565663E-01
      68
      61  1.763676329199E-02
      67  7.108181664938E-02
      68  3.014345084811E-01
      62  7.533280394070E-02
      69  7.547889154255E-02
      63  1.886904018806E-02
      73  1.785699017323E-02
      74  7.537525408869E-02
      75  1.887035933501E-02
     308  2.216456696707E-02
     312  6.653643868674E-02
     340  2.397932190296E-01
     336  7.384726092557E-02
     368  8.866521722961E-02
     364  2.493528917162E-02
     344  9.148555960527E-02
     372  3.748688344284E-02
     396  7.858826055177E-04
     392  1.396817288264E-04
     400  4.272175881980E-04
     348  1.601217156684E-03
     376  7.400747720346E-04
     404  9.787256700768E-06
     280  4.536825561333E-05
     284  7.233233392028E-05
     288  1.119839002140E-05
     316  2.283679314620E-02
     292  8.768880807996E-08
     320  3.523517098760E-04
      68  6.719364276907E-01  6.719364276907E-01
      69
      62  1.886904018806E-02
      68  7.547889154255E-02
      69  3.019191289577E-01
      63  7.547612790108E-02
      70  7.548076742141E-02
      64  1.886914118140E-02
      74  1.887035933501E-02
      75  7.548337028308E-02
      76  1.887125563017E-02
     340  3.638019184702E-02
     344  2.064238546446E-01
     372  8.710916180719E-02
     368  1.419974475182E-02
     348  1.530789676794E-01
     376  6.754530084217E-02
     400  1.048881905782E-03
     396  1.512319444248E-04
     404  8.476919375041E-04
     352  1.110082453308E-02
     380  4.801449718566E-03
     408  5.913676290964E-05
     284  5.354456167898E-06
     288  1.527189488975E-05
     316  4.947861314982E-02
     312  9.470867248552E-03
     292  6.596855235993E-06
     320  3.501053591501E-02
     296  4.917346782613E-07
     324  2.583912811595E-03
      69  6.793180824404E-01  6.793180824404E-01
      70
      63  1.886914118140E-02
      69  7.548076742141E-02
      70  3.019191257532E-01
      64  7.547610996294E-02
      71  7.547888604881E-02
      65  1.886903416436E-02
      75  1.887125563017E-02
      76  7.548338611283E-02
      77  1.887036235876E-02
     344  1.110083463916E-02
     348  1.530790346733E-01
     376  6.754533074648E-02
     372  4.801450533796E-03
     352  2.064238237147E-01
     380  8.710920104631E-02
     404  8.476921755040E-04
     400  5.913673786905E-05
     408  1.048882574404E-03
     356  3.638012283840E-02
     384  1.419973340575E-02
     412  1.512319571275E-04
     288  4.917347782913E-07
     292  6.596851285948E-06
     320  3.501054061022E-02
     316  2.583914296629E-03
     296  1.527180359822E-05
     324  4.947857985682E-02
     300  5.354392474322E-06
     328  9.470844045224E-03
      70  6.793180686339E-01  6.793180686339E-01
      71
      64  1.886903416436E-02
      70  7.547888604881E-02
      71  3.014344795304E-01
      65  7.533278354987E-02
      72  7.108181555134E-02
      66  1.763676163746E-02
      76  1.887036235876E-02
      77  7.537525847656E-02
      78  1.785699121445E-02
     348  1.601223646007E-03
     352  9.148566735122E-02
     380  3.748694089101E-02
     376  7.400771886754E-04
     356  2.397931550443E-01
     384  8.866526546501E-02
     408  4.272182265695E-04
     404  9.787276737947E-06
     412  7.858838817738E-04
     328  6.653634621385E-02
     332  2.216452135263E-02
     360  7.384718282320E-02
     388  2.493528976820E-02
     416  1.396821463040E-04
     292  8.768860373182E-08
     296  1.119828293414E-05
     324  2.283679343994E-02
     320  3.523525921611E-04
     300  7.233147149906E-05
     304  4.536778140283E-05
      71  6.719363725320E-01  6.719363725320E-01
      72
      65  1.763676163746E-02
      71  7.108181555134E-02
      72  9.382709663273E-02
      66  2.270762412322E-02
      77  1.785699121445E-02
      78  2.396498164034E-02
     328  1.547723674834E-02
     332  3.143957399221E-02
     360  9.984539900622E-02
     356  5.118038220799E-02
     352  3.668958038001E-07
     384  1.710788642448E-02
     380  1.548867943129E-07
     388  3.167556876916E-02
     412  1.005960875522E-04
     408  1.778050251105E-09
     416  1.377824327540E-04
     296  1.349145167523E-10
     300  2.981695354583E-05
     324  1.113629113142E-07
     304  8.039311881475E-05
      72  2.470752707995E-01  2.470752707995E-01
      73
      67  2.396497878498E-02
      73  9.862029677012E-02
      74  7.185529295243E-02
      68  1.785699017323E-02
      79  2.569981926374E-02
      80  1.811512851526E-02
     280  4.667093184683E-02
     284  2.367638977076E-02
     312  5.229361682811E-02
     308  1.004917439371E-01
     288  8.863885342253E-07
     316  7.812806099069E-07
     340  1.126904035668E-02
     336  2.081027346747E-02
     344  9.485614731920E-08
     368  3.465281352904E-07
     364  1.251277391629E-07
     372  1.476440845894E-11
     252  6.175174712486E-04
     256  2.807400471084E-04
     260  1.853850029995E-08
      73  2.561125064598E-01  2.561125064598E-01
      74
      67  1.785699017323E-02
      73  7.185529295243E-02
      74  3.015684890811E-01
      68  7.537525408869E-02
      75  7.548167732886E-02
      69  1.887035933501E-02
      79  1.811512851526E-02
      80  7.541438690106E-02
      81  1.887045198021E-02
     280  3.103506519565E-02
     284  9.967414973926E-02
     312  2.414923894786E-01
     308  7.191385383356E-02
     288  3.666939317557E-02
     316  9.115964791538E-02
     340  5.751991853694E-02
     336  1.578840785448E-02
     344  2.396044668024E-02
     368  1.418534902398E-05
     364  3.787183151017E-07
     372  2.042921458323E-05
     292  5.725317518198E-04
     320  1.439140128459E-03
     348  4.202919427710E-04
     376  6.536883374176E-07
     252  3.549593397072E-04
     256  9.762127255398E-04
     260  3.888551504606E-04
     264  7.119937127824E-06
      74  6.734080303558E-01  6.734080303558E-01
      75
      68  1.887035933501E-02
      74  7.548167732886E-02
      75  3.019370680170E-01
      69  7.548337028308E-02
      76  7.548642328168E-02
      70  1.887125563017E-02
      80  1.887045198021E-02
      81  7.548487000725E-02
      82  1.887183650080E-02
     284  1.455325028497E-02
     288  8.131622439039E-02
     316  2.063417981218E-01
     312  3.716492230786E-02
     292  5.943670713201E-02
     320  1.496511820319E-01
     344  5.707114260712E-02
     340  9.544195885660E-03
     348  4.346230671488E-02
     372  7.746477265595E-05
     368  6.106794599611E-06
     376  7.903630621407E-05
     296  4.402489474885E-03
     324  1.112784615393E-02
     352  3.198368639845E-03
     380  5.723250655882E-06
     256  1.417806672614E-04
     260  9.424594528015E-04
     264  7.775564845349E-04
     268  5.675089008706E-05
      75  6.793573123640E-01  6.793573123640E-01
      76
      69  1.887125563017E-02
      75  7.548642328168E-02
      76  3.019371042991E-01
      70  7.548338611283E-02
      77  7.548168910901E-02
      71  1.887036235876E-02
      81  1.887183650080E-02
      82  7.548487289275E-02
      83  1.887045513364E-02
     288  4.402495689780E-03
     292  5.943673423573E-02
     320  1.496512178905E-01
     316  1.112784725731E-02
     296  8.131619925224E-02
     324  2.063418178428E-01
     348  4.346233361210E-02
     344  3.198368972170E-03
     352  5.707118983817E-02
     376  7.903659280059E-05
     372  5.723229707919E-06
     380  7.746556208216E-05
     300  1.455322291806E-02
     328  3.716488583541E-02
     356  9.544192745843E-03
     384  6.106878280275E-06
     260  5.675102017386E-05
     264  7.775568880394E-04
     268  9.424587400894E-04
     272  1.417803174687E-04
      76  6.793573853187E-01  6.793573853187E-01
      77
      70  1.887036235876E-02
      76  7.548168910901E-02
      77  3.015685378635E-01
      71  7.537525847656E-02
      78  7.185530248982E-02
      72  1.785699121445E-02
      82  1.887045513364E-02
      83  7.541440744088E-02
      84  1.811513219021E-02
     292  5.725338751426E-04
     296  3.666942459982E-02
     324  9.115973073194E-02
     320  1.439143655524E-03
     300  9.967408360485E-02
     328  2.414923986916E-01
     352  2.396049855186E-02
     348  4.202937849265E-04
     356  5.751998747432E-02
     380  2.042952915438E-05
     376  6.536988255800E-07
     384  1.418563667410E-05
     304  3.103501373196E-02
     332  7.191381774440E-02
     360  1.578841754365E-02
     388  3.787328195741E-07
     264  7.119967207052E-06
     268  3.888554476245E-04
     272  9.762112954938E-04
     276  3.549579790804E-04
      77  6.734081362769E-01  6.734081362769E-01
      78
      71  1.785699121445E-02
      77  7.185530248982E-02
      78  9.862031037228E-02
      72  2.396498164034E-02
      83  1.811513219021E-02
      84  2.569982287751E-02
     296  8.864336895185E-07
     300  2.367638736412E-02
     328  5.229365091905E-02
     324  7.813207196153E-07
     304  4.667088222442E-02
     332  1.004917474619E-01
     356  1.126906402299E-02
     352  9.486384457926E-08
     360  2.081030121638E-02
     384  3.465425545029E-07
     380  1.476651577181E-11
     388  1.251342311845E-07
     268  1.853931938699E-08
     272  2.807394903368E-04
     276  6.175152362652E-04
      78  2.561125407846E-01  2.561125407846E-01
      79
      73  2.569981926374E-02
      79  1.091720422709E-01
      80  7.323326152261E-02
      74  1.811512851526E-02
      85  2.905920487625E-02
      86  1.849434705010E-02
     252  6.317550529584E-02
     256  3.403627186971E-02
     284  5.400511546505E-02
     280  1.003508191979E-01
     260  9.085345483712E-06
     288  5.984188105237E-06
     312  7.222356467049E-03
     308  1.298160809406E-02
     316  2.694688532705E-07
     224  1.277194386011E-03
     228  7.092582945433E-04
     232  3.354262436276E-07
      79  2.737738034989E-01  2.737738034989E-01
      80
      73  1.811512851526E-02
      79  7.323326152261E-02
      80  3.017485187231E-01
      74  7.541438690106E-02
      81  7.547971646115E-02
      75  1.887045198021E-02
      85  1.849434705010E-02
      86  7.545596845584E-02
      87  1.886945305678E-02
     252  3.710680731496E-02
     256  1.331989523549E-01
     284  2.299178612383E-01
     280  6.501537588322E-02
     260  5.546577076997E-02
     288  8.901651621643E-02
     312  3.496007022240E-02
     308  9.323561739284E-03
     316  1.385985089961E-02
     264  1.038064663115E-03
     292  1.450260019398E-03
     320  2.192283644173E-04
     224  7.130483813117E-04
     228  2.855144180617E-03
     232  1.504710415794E-03
     236  3.601000239301E-05
      80  6.756812326662E-01  6.756812326662E-01
      81
      74  1.887045198021E-02
      80  7.547971646115E-02
      81  3.019275641727E-01
      75  7.548487000725E-02
      82  7.548401027835E-02
      76  1.887183650080E-02
      86  1.886945305678E-02
      87  7.547860123858E-02
      88  1.886996641168E-02
     256  1.859839727082E-02
     260  1.193800485784E-01
     288  1.919050689288E-01
     284  3.332015991689E-02
     264  9.223445420482E-02
     292  1.390277530079E-01
     316  3.113666666306E-02
     312  5.499094051525E-03
     320  2.240705004930E-02
     268  6.495906132598E-03
     296  1.013024626592E-02
     324  1.663290835358E-03
     228  4.425178983839E-04
     232  3.618450230094E-03
     236  3.254785862931E-03
     240  2.225802108083E-04
      81  6.793364701075E-01  6.793364701075E-01
      82
      75  1.887183650080E-02
      81  7.548401027835E-02
      82  3.019275675992E-01
      76  7.548487289275E-02
      83  7.547971988489E-02
      77  1.887045513364E-02
      87  1.886996641168E-02
      88  7.547860006619E-02
      89  1.886945161516E-02
     260  6.495909913573E-03
     264  9.223447794771E-02
     292  1.390278312232E-01
     288  1.013026355668E-02
     268  1.193800300310E-01
     296  1.919050407474E-01
     320  2.240706038488E-02
     316  1.663292605527E-03
     324  3.113667333638E-02
     272  1.859837201291E-02
     300  3.332010698368E-02
     328  5.499090259364E-03
     232  2.225801564776E-04
     236  3.254785722012E-03
     240  3.618448496945E-03
     244  4.425170048942E-04
      82  6.793364803827E-01  6.793364803827E-01
      83
      76  1.887045513364E-02
      82  7.547971988489E-02
      83  3.017485392703E-01
      77  7.541440744088E-02
      84  7.323326502212E-02
      78  1.811513219021E-02
      88  1.886945161516E-02
      89  7.545595820191E-02
      90  1.849434524932E-02
     264  1.038067012283E-03
     268  5.546580590413E-02
     296  8.901663477434E-02
     292  1.450266059543E-03
     272  1.331988877584E-01
     300  2.299178552825E-01
     324  1.385987495933E-02
     320  2.192291842840E-04
     328  3.496010353489E-02
     276  3.710675779769E-02
     304  6.501532245488E-02
     332  9.323566299525E-03
     236  3.601002420570E-05
     240  1.504709359957E-03
     244  2.855137711089E-03
     248  7.130458914054E-04
      83  6.756812740084E-01  6.756812740084E-01
      84
      77  1.811513219021E-02
      83  7.323326502212E-02
      84  1.091720466425E-01
      78  2.569982287751E-02
      89  1.849434524932E-02
      90  2.905920479684E-02
     268  9.085495948815E-06
     272  3.403626898329E-02
     300  5.400516215205E-02
     296  5.984394654369E-06
     276  6.317545314532E-02
     304  1.003508154010E-01
     328  7.222371018024E-03
     324  2.694830142321E-07
     332  1.298162460080E-02
     240  3.354287185132E-07
     244  7.092564643690E-04
     248  1.277190211273E-03
      84  2.737738167785E-01  2.737738167785E-01
      85
      79  2.905920487625E-02
      85  1.183986978196E-01
      86  7.417648569136E-02
      80  1.849434705010E-02
      91  2.934188311487E-02
      92  1.852043446626E-02
     224  6.848394368901E-02
     228  3.947919527213E-02
     256  5.851101151956E-02
     252  1.053202538473E-01
     232  2.584547533256E-05
     260  2.664547884436E-05
     284  5.211755513062E-03
     280  9.186100079862E-03
     288  1.357746672153E-06
     196  1.016838798355E-03
     200  7.274469538392E-04
     204  6.586444567175E-07
      85  2.879910530184E-01  2.879910530184E-01
      86
      79  1.849434705010E-02
      85  7.417648569136E-02
      86  3.018385104760E-01
      80  7.545596845584E-02
      87  7.547683025137E-02
      81  1.886945305678E-02
      91  1.852043446626E-02
      92  7.545634959539E-02
      93  1.886892954502E-02
     224  3.884063802338E-02
     228  1.532712109781E-01
     256  2.197462468773E-01
     252  5.941247297894E-02
     232  7.038482751934E-02
     260  9.038292139383E-02
     284  2.118867015899E-02
     280  5.632048548260E-03
     288  8.011724343906E-03
     236  1.570699322923E-03
     264  1.742380283955E-03
     292  1.309296298983E-04
     196  7.021258927545E-04
     200  3.848225938172E-03
     204  2.232884453685E-03
     208  5.930224461934E-05
      86  6.771573085881E-01  6.771573085881E-01
      87
      80  1.886945305678E-02
      86  7.547683025137E-02
      87  3.019075334079E-01
      81  7.547860123858E-02
      88  7.547745804173E-02
      82  1.886996641168E-02
      92  1.886892954502E-02
      93  7.547538548664E-02
      94  1.886890514370E-02
     228  2.024059632725E-02
     232  1.444421640579E-01
     260  1.795013847354E-01
     256  2.827507977491E-02
     236  1.161894554471E-01
     264  1.335429788670E-01
     288  1.553466462857E-02
     284  2.788208379101E-03
     292  1.052938009911E-02
     240  7.731263398368E-03
     268  9.125428639256E-03
     296  7.436108210876E-04
     200  6.068418790067E-04
     204  5.109597022171E-03
     208  4.628008983408E-03
     212  3.043995237736E-04
      87  6.792930625834E-01  6.792930625834E-01
      88
      81  1.886996641168E-02
      87  7.547745804173E-02
      88  3.019075168496E-01
      82  7.547860006619E-02
      89  7.547682515430E-02
      83  1.886945161516E-02
      93  1.886890514370E-02
      94  7.547537780570E-02
      95  1.886892815100E-02
     232  7.731260077564E-03
     236  1.161894490472E-01
     264  1.335429942760E-01
     260  9.125426459160E-03
     240  1.444421452778E-01
     268  1.795014076826E-01
     292  1.052938413286E-02
     288  7.436112654706E-04
     296  1.553466753318E-02
     244  2.024057746426E-02
     272  2.827506182052E-02
     300  2.788206073495E-03
     204  3.043993798042E-04
     208  4.628006431273E-03
     212  5.109591561765E-03
     216  6.068407562112E-04
      88  6.792930292391E-01  6.792930292391E-01
      89
      82  1.886945161516E-02
      88  7.547682515430E-02
      89  3.018384856770E-01
      83  7.545595820191E-02
      90  7.417648109916E-02
      84  1.849434524932E-02
      94  1.886892815100E-02
      95  7.545634690644E-02
      96  1.852043393234E-02
     236  1.570700168056E-03
     240  7.038483554881E-02
     268  9.038298079291E-02
     264  1.742382604134E-03
     244  1.532711260668E-01
     272  2.197462611409E-01
     296  8.011734339566E-03
     292  1.309299977901E-04
     300  2.118868102422E-02
     248  3.884059347439E-02
     276  5.941245472855E-02
     304  5.632050784418E-03
     208  5.930215534515E-05
     212  2.232881487543E-03
     216  3.848218208001E-03
     220  7.021234651774E-04
      89  6.771572559866E-01  6.771572559866E-01
      90
      83  1.849434524932E-02
      89  7.417648109916E-02
      90  1.183987020997E-01
      84  2.905920479684E-02
      95  1.852043393234E-02
      96  2.934188445071E-02
     240  2.584567742655E-05
     244  3.947918202338E-02
     272  5.851104474982E-02
     268  2.664575782204E-05
     248  6.848388795423E-02
     276  1.053202734232E-01
     300  5.211763922836E-03
     296  1.357774041368E-06
     304  9.186111552497E-03
     212  6.586471580311E-07
     216  7.274450835546E-04
     220  1.016835062109E-03
      90  2.879910516281E-01  2.879910516281E-01
      91
      85  2.934188311487E-02
      91  1.065040863419E-01
      92  7.279825111580E-02
      86  1.852043446626E-02
      97  2.271322952625E-02
      98  1.760855806993E-02
     196  5.841056192808E-02
     200  3.416182390821E-02
     228  5.634102728599E-02
     224  1.027703419283E-01
     204  1.349756283491E-05
     232  3.228119555063E-05
     256  4.936854113772E-03
     252  9.308493938049E-03
     260  2.813581172138E-06
     168  8.456906907439E-04
     172  6.629698670496E-04
     176  8.663523253364E-08
      91  2.674864426350E-01  2.674864426350E-01
      92
      85  1.852043446626E-02
      91  7.279825111580E-02
      92  3.016630073762E-01
      86  7.545634959539E-02
      93  7.547502550465E-02
      87  1.886892954502E-02
      97  1.760855806993E-02
      98  7.532079168259E-02
      99  1.886859419510E-02
     196  4.182428737618E-02
     200  1.597362080880E-01
     228  2.100066660476E-01
     224  6.011316358975E-02
     204  7.350378062094E-02
     232  8.884070133151E-02
     256  1.640017760387E-02
     252  4.948871232136E-03
     260  6.087735801231E-03
     208  1.711428970484E-03
     236  1.940774317923E-03
     264  1.142603678837E-04
     168  9.290370960613E-04
     172  5.406112724563E-03
     176  2.944729130873E-03
     180  7.200725198718E-05
      92  6.745799415510E-01  6.745799415510E-01
      93
      86  1.886892954502E-02
      92  7.547502550465E-02
      93  3.018996101106E-01
      87  7.547538548664E-02
      94  7.547512475977E-02
      88  1.886890514370E-02
      98  1.886859419510E-02
      99  7.547448508960E-02
     100  1.886867900888E-02
     200  2.215097374131E-02
     204  1.533500888245E-01
     232  1.719894597492E-01
     228  2.569311647108E-02
     208  1.234014155488E-01
     236  1.315439422496E-01
     260  1.070580686670E-02
     256  1.814006414926E-03
     264  7.278480005392E-03
     212  8.163380619838E-03
     240  8.641965077798E-03
     268  4.815166243675E-04
     172  9.665675862584E-04
     176  6.890090136577E-03
     180  5.810998541897E-03
     184  3.929303857391E-04
      93  6.792747388439E-01  6.792747388439E-01
      94
      87  1.886890514370E-02
      93  7.547512475977E-02
      94  3.018995942800E-01
      88  7.547537780570E-02
      95  7.547502248079E-02
      89  1.886892815100E-02
      99  1.886867900888E-02
     100  7.547448536193E-02
     101  1.886859433051E-02
     204  8.163366172999E-03
     208  1.234013570750E-01
     236  1.315439304727E-01
     232  8.641954935328E-03
     212  1.533500945604E-01
     240  1.719895198886E-01
     264  7.278481577726E-03
     260  4.815163041788E-04
     268  1.070581440345E-02
     216  2.215097675981E-02
     244  2.569311737357E-02
     272  1.814007015130E-03
     176  3.929298203438E-04
     180  5.810993821322E-03
     184  6.890084412638E-03
     188  9.665667290371E-04
      94  6.792747113223E-01  6.792747113223E-01
      95
      88  1.886892815100E-02
      94  7.547502248079E-02
      95  3.016629988153E-01
      89  7.545634690644E-02
      96  7.279824925696E-02
      90  1.852043393234E-02
     100  1.886859433051E-02
     101  7.532079162441E-02
     102  1.760855768671E-02
     208  1.711425441189E-03
     212  7.350374487274E-02
     240  8.884074061702E-02
     236  1.940774160143E-03
     216  1.597361527286E-01
     244  2.100067133989E-01
     268  6.087744233449E-03
     264  1.142605370198E-04
     272  1.640019649721E-02
     220  4.182426328150E-02
     248  6.011316126600E-02
     276  4.948876715430E-03
     180  7.200701556512E-05
     184  2.944724148154E-03
     188  5.406103433928E-03
     192  9.290348376041E-04
      95  6.745799231844E-01  6.745799231844E-01
      96
      89  1.852043393234E-02
      95  7.279824925696E-02
      96  1.065040916390E-01
      90  2.934188445071E-02
     101  1.760855768671E-02
     102  2.271322825920E-02
     212  1.349756254385E-05
     216  3.416180281109E-02
     244  5.634105276788E-02
     240  3.228139431309E-05
     220  5.841051921305E-02
     248  1.027703630921E-01
     272  4.936863028572E-03
     268  2.813608271153E-06
     276  9.308509000280E-03
     184  8.663444637783E-08
     188  6.629680521436E-04
     192  8.456880601727E-04
      96  2.674864452249E-01  2.674864452249E-01
      97
      91  2.271322952625E-02
      97  7.151353190269E-02
      98  6.559344244383E-02
      92  1.760855806993E-02
     103  1.296937785300E-02
     104  1.473476742794E-02
     168  4.590962312902E-02
     172  2.403025742239E-02
     200  4.018151973100E-02
     196  7.966637150272E-02
     176  2.733717595100E-07
     204  4.911887019743E-06
     228  4.055643637069E-03
     224  8.742847491723E-03
     232  1.016905751761E-06
     140  1.607510501206E-03
     144  9.329316439871E-04
      97  2.051329072236E-01  2.051329072236E-01
      98
      91  1.760855806993E-02
      97  6.559344244383E-02
      98  2.999946383874E-01
      92  7.532079168259E-02
      99  7.547612009803E-02
      93  1.886859419510E-02
     103  1.473476742794E-02
     104  7.440405707239E-02
     105  1.886949810891E-02
     168  5.204389318825E-02
     172  1.667306809748E-01
     200  1.872271257334E-01
     196  6.461344626864E-02
     176  6.934434232489E-02
     204  7.397524627114E-02
     228  1.339010273606E-02
     224  5.367782006298E-03
     232  4.687427820645E-03
     180  1.442192629115E-03
     208  1.589009815515E-03
     236  9.536840729195E-05
     140  2.762149800607E-03
     144  1.185351223741E-02
     148  5.637954650165E-03
     152  1.102326218338E-04
      98  6.608704674861E-01  6.608704674861E-01
      99
      92  1.886859419510E-02
      98  7.547612009803E-02
      99  3.019050113233E-01
      93  7.547448508960E-02
     100  7.547643120478E-02
      94  1.886867900888E-02
     104  1.886949810891E-02
     105  7.547815256129E-02
     106  1.886957033315E-02
     172  2.831570812913E-02
     176  1.627049195048E-01
     204  1.545640975897E-01
     200  2.536478489446E-02
     180  1.258933384602E-01
     208  1.183124450465E-01
     232  8.629965924797E-03
     228  1.452395539141E-03
     236  6.118602365820E-03
     184  8.866727386955E-03
     212  7.988226347509E-03
     240  4.023833707427E-04
     140  9.677545272828E-07
     144  2.764204570948E-03
     168  1.699698671997E-06
     148  1.533403340812E-02
     152  1.169945772433E-02
     196  9.449252680654E-09
     156  8.725747575145E-04
      99  6.792865419230E-01  6.792865419230E-01
     100
      93  1.886867900888E-02
      99  7.547643120478E-02
     100  3.019050229013E-01
      94  7.547448536193E-02
     101  7.547612090968E-02
      95  1.886859433051E-02
     105  1.886957033315E-02
     106  7.547815753730E-02
     107  1.886949810898E-02
     176  8.866716050622E-03
     180  1.258933073491E-01
     208  1.183124102166E-01
     204  7.988209611383E-03
     184  1.627049290068E-01
     212  1.545641875321E-01
     236  6.118602508356E-03
     232  4.023823161677E-04
     240  8.629978396654E-03
     188  2.831569910297E-02
     216  2.536480549275E-02
     244  1.452398162404E-03
     148  8.725739550276E-04
     152  1.169945495095E-02
     156  1.533402767829E-02
     160  2.764200486263E-03
     164  9.677468253578E-07
     192  1.699684056754E-06
     220  9.449102593317E-09
     100  6.792865596965E-01  6.792865596965E-01
     101
      94  1.886859433051E-02
     100  7.547612090968E-02
     101  2.999946303934E-01
      95  7.532079162441E-02
     102  6.559343872758E-02
      96  1.760855768671E-02
     106  1.886949810898E-02
     107  7.440405147948E-02
     108  1.473476568604E-02
     180  1.442191499543E-03
     184  6.934432940322E-02
     212  7.397525178953E-02
     208  1.589007206683E-03
     188  1.667306113815E-01
     216  1.872271936342E-01
     240  4.687432842961E-03
     236  9.536833306466E-05
     244  1.339012192446E-02
     192  5.204385928719E-02
     220  6.461347399394E-02
     248  5.367790166822E-03
     152  1.102325691090E-04
     156  5.637950345494E-03
     160  1.185349203061E-02
     164  2.762142538448E-03
     101  6.608704489468E-01  6.608704489468E-01
     102
      95  1.760855768671E-02
     101  6.559343872758E-02
     102  7.151352173218E-02
      96  2.271322825920E-02
     107  1.473476568604E-02
     108  1.296937503503E-02
     184  2.733698121958E-07
     188  2.403024156259E-02
     216  4.018152409428E-02
     212  4.911864578617E-06
     192  4.590958625647E-02
     220  7.966638803048E-02
     244  4.055649299267E-03
     240  1.016905858165E-06
     248  8.742860276593E-03
     160  9.329295397668E-04
     164  1.607505927039E-03
     102  2.051328871267E-01  2.051328871267E-01
     103
      97  1.296937785300E-02
     103  2.190760357569E-02
     104  2.762894316900E-02
      98  1.473476742794E-02
     140  9.669491141159E-03
     144  4.906480028895E-03
     172  1.722069207710E-02
     168  3.891514433984E-02
     200  1.843811449556E-03
     196  4.685072572188E-03
     176  2.257619642923E-10
     204  1.911260473160E-10
     103  7.724069202563E-02  7.724069202563E-02
     104
      97  1.473476742794E-02
     103  2.762894316900E-02
     104  1.479505781141E-01
      98  7.440405707239E-02
     105  3.773901667457E-02
      99  1.886949810891E-02
     140  1.595577663272E-02
     144  5.492779199957E-02
     172  1.203852812566E-01
     168  4.930638140557E-02
     200  7.793944198426E-03
     196  4.359601439019E-03
     176  4.192410210540E-02
     204  2.214482296441E-03
     148  2.323892792632E-02
     152  4.191137412463E-04
     180  7.609169362972E-04
     208  4.054062931594E-05
     104  3.213268605669E-01  3.213268605669E-01
     105
      98  1.886949810891E-02
     104  3.773901667457E-02
     105  1.509562978434E-01
      99  7.547815256129E-02
     106  3.773911656997E-02
     100  1.886957033315E-02
     140  7.407556748741E-06
     144  1.232699386494E-02
     172  2.056521976026E-02
     168  6.596222592035E-06
     148  6.337749879241E-02
     176  1.017669152379E-01
     152  4.743882229772E-02
     180  7.580688393169E-02
     200  9.393839784159E-04
     196  5.274672856513E-09
     204  4.646235817217E-03
     208  3.366363290532E-03
     156  3.604337163558E-03
     184  5.563023471747E-03
     212  2.359654309564E-04
     105  3.396516520913E-01  3.396516520913E-01
     106
      99  1.886957033315E-02
     105  3.773911656997E-02
     106  1.509563071196E-01
     100  7.547815753730E-02
     107  3.773901633678E-02
     101  1.886949810898E-02
     148  3.604333258703E-03
     152  4.743881442956E-02
     180  7.580688024148E-02
     176  5.563016803669E-03
     156  6.337749496544E-02
     184  1.017669582304E-01
     208  3.366364061568E-03
     204  2.359649912550E-04
     212  4.646242453237E-03
     160  1.232698184411E-02
     188  2.056522042126E-02
     164  7.407507950760E-06
     192  6.596183243819E-06
     216  9.393853392880E-04
     220  5.274597748677E-09
     106  3.396516660057E-01  3.396516660057E-01
     107
     100  1.886949810898E-02
     106  3.773901633678E-02
     107  1.479505654946E-01
     101  7.440405147948E-02
     108  2.762893915349E-02
     102  1.473476568604E-02
     152  4.191136183872E-04
     156  2.323892024466E-02
     184  4.192412408365E-02
     180  7.609171331253E-04
     160  5.492773174984E-02
     188  1.203853087391E-01
     164  1.595574839912E-02
     192  4.930638075236E-02
     212  2.214485784605E-03
     208  4.054066341451E-05
     216  7.793956544742E-03
     220  4.359608546431E-03
     107  3.213268362594E-01  3.213268362594E-01
     108
     101  1.473476568604E-02
     107  2.762893915349E-02
     108  2.190759787542E-02
     102  1.296937503503E-02
     160  4.906473038211E-03
     164  9.669473010791E-03
     192  3.891514216371E-02
     188  1.722069521492E-02
     184  2.257637858488E-10
     216  1.843814300054E-03
     212  1.911276343039E-10
     220  4.685079605404E-03
     108  7.724067774997E-02  7.724067774997E-02
