          54
          60
          61
          55
          55
          61
          62
          56
          56
          62
          63
          57
          57
          63
          64
          58
          58
          64
          65
          59
          60
          66
          67
          61
          61
          67
          68
          62
          62
          68
          69
          63
          63
          69
          70
          64
          64
          70
          71
          65
          66
          72
          73
          67
          67
          73
          74
          68
          68
          74
          75
          69
          69
          75
          76
          70
          70
          76
          77
          71
          72
          78
          79
          73
          73
          79
          80
          74
          74
          80
          81
          75
          75
          81
          82
          76
          76
          82
          83
          77
          78
          84
          85
          79
          79
          85
          86
          80
          80
          86
          87
          81
          81
          87
          88
          82
          82
          88
          89
          83
          84
          90
          91
          85
          85
          91
          92
          86
          86
          92
          93
          87
          87
          93
          94
          88
          88
          94
          95
          89
          90
          96
          97
          91
          91
          97
          98
          92
          92
          98
          99
          93
          93
          99
         100
          94
          94
         100
         101
          95
          96
         102
         103
          97
          97
         103
         104
          98
          98
         104
         105
          99
          99
         105
         106
         100
         100
         106
         107
         101
