   4.72184724074148     
   4.72184724074148     
   4.72184724074148     
   4.72184724074148     
   4.72184771757858     
   4.72184771757858     
   4.28145522337698     
   4.28145522337698     
   4.28145522337698     
   4.28145522337698     
   4.28145522337698     
   4.28145546179548     
   3.76025432806748     
   3.76025432806748     
   3.76025432806748     
   3.76025456648608     
   3.76025456648608     
   3.76025456648608     
   3.18295401793258     
   3.18295401793258     
   3.18295401793258     
   3.18295401793258     
   3.18295425635118     
   3.18295425635118     
   2.57692307692308     
   2.57692331534168     
   2.57692331534168     
   2.57692331534168     
   2.57692331534168     
   2.57692331534168     
   1.97089225512288     
   1.97089237433218     
   1.97089237433218     
   1.97089237433218     
   1.97089237433218     
   1.97089249354138     
   1.39359206419725     
   1.39359206419725     
   1.39359206419725     
   1.39359218340654     
   1.39359218340654     
   1.39359230261583     
  0.872391168887797     
  0.872391168887797     
  0.872391168887797     
  0.872391288097087     
  0.872391288097087     
  0.872391407306377     
  0.431998674686138     
  0.431998674686138     
  0.431998674686138     
  0.431998674686138     
  0.431998913104717     
  0.431998913104717     
   4.87505529988900     
   4.87504804912810     
   4.87504247249304     
   4.87504247239408     
   4.87504852594433     
   4.87505577662140     
   4.40316063021002     
   4.40310872500637     
   4.40310785984179     
   4.40310785987880     
   4.40310872509632     
   4.40316086862675     
   3.84472575997117     
   3.84471164273653     
   3.84472232993989     
   3.84472256830521     
   3.84471188114917     
   3.84472599837617     
   3.22619126880714     
   3.22618183386376     
   3.22618040696265     
   3.22618040700131     
   3.22618207229101     
   3.22619150722185     
   2.57688868218866     
   2.57687407404027     
   2.57685069661850     
   2.57685069661030     
   2.57687407405388     
   2.57688892060909     
   1.92759838931952     
   1.92757988056220     
   1.92757323871387     
   1.92757323872600     
   1.92757999977103     
   1.92759862774116     
   1.30907908532547     
   1.30908307177760     
   1.30908507520288     
   1.30908519441491     
   1.30908319098370     
   1.30907932374744     
  0.750642758428452     
  0.750665542676694     
  0.750663296334139     
  0.750663415529243     
  0.750665661895644     
  0.750642996839490     
  0.278785253120641     
  0.278793052584985     
  0.278790342039901     
  0.278790342038711     
  0.278793291004147     
  0.278785491538254     
 -0.499990791082380     
  -1.04096198263608     
 -0.816841370492507     
 -0.398482623127357     
 -0.499990791082380     
 -0.947035677397856     
 -0.735949509757486     
 -0.288096299750523     
 -0.499990791082380     
 -0.911674182108378     
 -0.705863271539175     
 -0.230378544869199     
 -0.499990791082380     
 -0.908842966544143     
 -0.691707591718328     
 -0.224944155826136     
 -0.499990791082380     
 -0.911674168045276     
 -0.705863254144200     
 -0.230378546878536     
 -0.499990791082380     
 -0.947035662662701     
 -0.735949495272607     
 -0.288096317564591     
 -0.499990791082380     
  -1.04096194697004     
 -0.816841327027511     
 -0.398482616713796     
 -4.999172687530500E-002
 -0.593242459768941     
 -0.444343080888815     
  3.175321451252264E-002
 -4.999172687530500E-002
 -0.486579352793286     
 -0.358022043911263     
  0.128879319860220     
 -4.999172687530500E-002
 -0.467096170924082     
 -0.333081371223743     
  0.160081694397387     
 -4.999172687530500E-002
 -0.469466041703281     
 -0.327650576780183     
  0.165161620363611     
 -4.999172687530500E-002
 -0.467096155907306     
 -0.333081349995479     
  0.160081703655400     
 -4.999172687530500E-002
 -0.486579341937128     
 -0.358022021623579     
  0.128879315364989     
 -4.999172687530500E-002
 -0.593242423510335     
 -0.444343036192448     
  3.175323352738995E-002
  0.400007337331770     
 -0.127651605723801     
 -1.535198334111415E-002
  0.437803883016334     
  0.400007337331770     
 -1.559065189401787E-002
  7.801656193670231E-002
  0.528300535338358     
  0.400007337331770     
 -7.471516257073207E-003
  9.673419360082508E-002
  0.546490548938321     
  0.400007307529450     
 -1.159336308366721E-002
  9.437611854740485E-002
  0.555539346611903     
  0.400007337331770     
 -7.471506964777608E-003
  9.673421570875423E-002
  0.546490566390888     
  0.400007337331770     
 -1.559063986054537E-002
  7.801658323848210E-002
  0.528300546956657     
  0.400007337331770     
 -0.127651596307293     
 -1.535195010683976E-002
  0.437803903676591     
  0.850006341934200     
  0.369126045497471     
  0.447321974107675     
  0.896789090513791     
  0.850006341934200     
  0.473868556923800     
  0.535701715527906     
  0.987999408921441     
  0.850006341934200     
  0.475406816797654     
  0.545038601488741     
   1.00828086313399     
  0.850006341934200     
  0.469530908562758     
  0.535030444872597     
   1.02100306432816     
  0.850006341934200     
  0.475406816718932     
  0.545038609640226     
   1.00828088041697     
  0.850006341934200     
  0.473868559560508     
  0.535701746800774     
  0.987999395843796     
  0.850006341934200     
  0.369126085038012     
  0.447322005929650     
  0.896789126677942     
   1.30000543594360     
  0.919011732438353     
  0.979294810431604     
   1.49065242297082     
   1.30000543594360     
   1.00039392522219     
   1.06133486623716     
   1.53719106071035     
   1.30000543594360     
  0.998555032771222     
   1.06132836680664     
   1.57308227723225     
   1.30000543594360     
  0.993986930023427     
   1.04378920939974     
   1.59523669346192     
   1.30000543594360     
  0.998555029864202     
   1.06132836985248     
   1.57308224448232     
   1.30000543594360     
   1.00039391381017     
   1.06133482569806     
   1.53719103259062     
   1.30000543594360     
  0.919011726416090     
  0.979294836882910     
   1.49065237239845     
   1.75000441074370     
   1.52720000174655     
   1.61375511519706     
   2.15458391994875     
   1.75000441074370     
   1.58141285370471     
   1.67923045848276     
   2.14353778419367     
   1.75000441074370     
   1.58002152574540     
   1.67860740923572     
   2.17756894049170     
   1.75000452995300     
   1.57745825206304     
   1.65891068701340     
   2.20048117800254     
   1.75000441074370     
   1.58002151507011     
   1.67860739999014     
   2.17756890432232     
   1.75000441074370     
   1.58141281209910     
   1.67923041210848     
   2.14353772272189     
   1.75000441074370     
   1.52720000176936     
   1.61375510846456     
   2.15458389056092     
   2.20000362396240     
   2.18207148674476     
   2.35194456335508     
   2.76080919002611     
   2.20000362396240     
   2.21395037972630     
   2.37915156814262     
   2.72452222899907     
   2.20000362396240     
   2.21164634386558     
   2.38356842490387     
   2.73045577348186     
   2.20000362396240     
   2.21146662354962     
   2.37429999657508     
   2.74375925411135     
   2.20000362396240     
   2.21164632625703     
   2.38356840688694     
   2.73045573854049     
   2.20000362396240     
   2.21395033567758     
   2.37915148979929     
   2.72452223100832     
   2.20000362396240     
   2.18207144962816     
   2.35194450158088     
   2.76080916740484     
   2.65000271797180     
   2.85765659108116     
   3.12249062387341     
   3.31873203398915     
   2.65000271797180     
   2.86966559180755     
   3.10461103456480     
   3.28579187951356     
   2.65000271797180     
   2.86567228168311     
   3.11784726196582     
   3.25816494670209     
   2.65000271797180     
   2.86935365976984     
   3.12483333058999     
   3.25981340944888     
   2.65000271797180     
   2.86567225840608     
   3.11784721278849     
   3.25816493283824     
   2.65000271797180     
   2.86966557103796     
   3.10461097502796     
   3.28579185311478     
   2.65000271797180     
   2.85765654055978     
   3.12249054030961     
   3.31873200067620     
   3.10000205039980     
   3.52043979300752     
   3.82972858831816     
   3.84805507518987     
   3.10000205039980     
   3.50543126447594     
   3.77753764736447     
   3.81420091837749     
   3.10000205039980     
   3.50641396880758     
   3.79322367974293     
   3.77681501096314     
   3.10000205039980     
   3.51174055463873     
   3.81092647828096     
   3.77285482028433     
   3.10000205039980     
   3.50641395054810     
   3.79322364866535     
   3.77681500828755     
   3.10000205039980     
   3.50543122551254     
   3.77753765439907     
   3.81420091413780     
   3.10000205039980     
   3.52043977774001     
   3.82972855093697     
   3.84805504385816     
   3.55000090599060     
   4.13339586962542     
   4.43995462099747     
   4.33030888984695     
   3.55000090599060     
   4.08889191753703     
   4.36404119787957     
   4.29085577676038     
   3.55000090599060     
   4.09364798397041     
   4.37131059206874     
   4.27332649643621     
   3.55000066757200     
   4.10146971628022     
   4.39074527257589     
   4.27454019195169     
   3.55000090599060     
   4.09364796016144     
   4.37131061036016     
   4.27332648454966     
   3.55000090599060     
   4.08889192612674     
   4.36404122448071     
   4.29085576269431     
   3.55000090599060     
   4.13339582050488     
   4.43995457941280     
   4.33030889073155     
   4.00000000000000     
   4.67488111236932     
   4.94579471600804     
   4.72475561881150     
   4.00000000000000     
   4.60004838181522     
   4.85863251342451     
   4.67672188691982     
   4.00000000000000     
   4.60085224981374     
   4.85577893951380     
   4.67626319072030     
   4.00000000000000     
   4.60985360023367     
   4.87037517408399     
   4.67727507293999     
   4.00000000000000     
   4.60085226206541     
   4.85577892600418     
   4.67626323672465     
   4.00000000000000     
   4.60004840078461     
   4.85863254058258     
   4.67672191789661     
   4.00000000000000     
   4.67488113170394     
   4.94579470215475     
   4.72475581452048     
   4.44999933242800     
   5.15787264429657     
   5.35539576881940     
   5.10657624108660     
   4.44999933242800     
   5.05719827874933     
   5.26732735877786     
   5.04468048246809     
   4.44999933242800     
   5.05408018441302     
   5.25394329376968     
   5.04218543910916     
   4.44999885559080     
   5.06043793132989     
   5.25916095269418     
   5.03839870029833     
   4.44999933242800     
   5.05408019534052     
   5.25394329985957     
   5.04218549807238     
   4.44999933242800     
   5.05719830884386     
   5.26732740094641     
   5.04468054920183     
   4.44999933242800     
   5.15787265457132     
   5.35539582583825     
   5.10657638373750     
   4.89999818801880     
   5.58693300732543     
   5.72417401942653     
   5.54476175495473     
   4.89999818801880     
   5.48016133279922     
   5.64379118183701     
   5.47323822552420     
   4.89999818801880     
   5.47202958794182     
   5.62128056000205     
   5.45983907830606     
   4.89999818801880     
   5.47547507412938     
   5.61856186768904     
   5.45635215137555     
   4.89999818801880     
   5.47202959589438     
   5.62128058032140     
   5.45983910436753     
   4.89999818801880     
   5.48016136451909     
   5.64379123712375     
   5.47323828453396     
   4.89999818801880     
   5.58693303619319     
   5.72417408881811     
   5.54476180499487     
   5.34999752044680     
   5.97587546292335     
   6.09519876301000     
   6.00372501289885     
   5.34999752044680     
   5.87937825348252     
   6.02764396877918     
   5.93575296358095     
   5.34999752044680     
   5.86495096125084     
   6.00073218150770     
   5.91226993981793     
   5.34999752044680     
   5.86564579472917     
   5.99341152438181     
   5.90823610615271     
   5.34999752044680     
   5.86495097170335     
   6.00073220894544     
   5.91226996097824     
   5.34999752044680     
   5.87937830130241     
   6.02764403304570     
   5.93575301645798     
   5.34999752044680     
   5.97587551043621     
   6.09519882195285     
   6.00372506044913     
   5.79999685287480     
   6.34792747578148     
   6.47860926420736     
   6.46172360760396     
   5.79999685287480     
   6.27026282165953     
   6.42479054984203     
   6.40492619966941     
   5.79999685287480     
   6.25132602774442     
   6.39791818268841     
   6.37629479013914     
   5.79999685287480     
   6.24931769623090     
   6.38879794855295     
   6.37014832961952     
   5.79999685287480     
   6.25132604142197     
   6.39791820695468     
   6.37629481033790     
   5.79999685287480     
   6.27026287282590     
   6.42479061226745     
   6.40492625124224     
   5.79999685287480     
   6.34792751880136     
   6.47860930672214     
   6.46172364671497     
   6.24999570846560     
   6.71962469467338     
   6.87418569340045     
   6.91676334667902     
   6.24999570846560     
   6.66295852687559     
   6.83279414437213     
   6.87244799563617     
   6.24999570846560     
   6.64268864755606     
   6.80803471609173     
   6.84335139134646     
   6.24999523162840     
   6.63865156578564     
   6.79896367687189     
   6.83585100946359     
   6.24999570846560     
   6.64268866076691     
   6.80803473094619     
   6.84335140572626     
   6.24999570846560     
   6.66295855847787     
   6.83279418104885     
   6.87244802285926     
   6.24999570846560     
   6.71962472318208     
   6.87418572813295     
   6.91676338078047     
   6.69999504089360     
   7.10094794081321     
   7.28109120578715     
   7.36970446283360     
   6.69999504089360     
   7.06293278410991     
   7.24998917866692     
   7.33615054261638     
   6.69999504089360     
   7.04390137815477     
   7.22824120279648     
   7.30950172562818     
   6.69999504089360     
   7.03892110674666     
   7.21988831745890     
   7.30167812142093     
   6.69999504089360     
   7.04390139006294     
   7.22824121620350     
   7.30950173778871     
   6.69999504089360     
   7.06293281209095     
   7.24998921201023     
   7.33615057158748     
   6.69999504089360     
   7.10094796894904     
   7.28109123710055     
   7.36970449174497     
   7.14999389648440     
   7.49722671431840     
   7.70027330748394     
   7.82091772224802     
   7.14999389648440     
   7.47398190067138     
   7.67608268663647     
   7.79495173054865     
   7.14999389648440     
   7.45759484683822     
   7.65744126029324     
   7.77224243107137     
   7.14999389648440     
   7.45249380630392     
   7.65057874596730     
   7.76454892530434     
   7.14999389648440     
   7.45759485341213     
   7.65744126887563     
   7.77224243888531     
   7.14999389648440     
   7.47398191604916     
   7.67608270320976     
   7.79495174460566     
   7.14999389648440     
   7.49722673460274     
   7.70027333803749     
   7.82091775142850     
   7.59999322891240     
   7.91119984290532     
   8.13157041713157     
   8.27182760922579     
   7.59999322891240     
   7.89905704492283     
   8.10978948654536     
   8.25204289395983     
   7.59999322891240     
   7.88560647482695     
   8.09571737866586     
   8.23213942290794     
   7.59999370574950     
   7.88185320010858     
   8.08984299609415     
   8.22472378156700     
   7.59999322891240     
   7.88560648623284     
   8.09571739368841     
   8.23213944023014     
   7.59999275207520     
   7.89905614702143     
   8.10978858594617     
   8.25204245256536     
   7.59999322891240     
   7.91119986474446     
   8.13157044537027     
   8.27182763841515     
   8.04999256134030     
   8.34638560604205     
   8.57649051053901     
   8.71239842061228     
   8.04999256134030     
   8.34285322431248     
   8.55515280817999     
   8.69506144470965     
   8.04999256134030     
   8.33430714114042     
   8.54652619835942     
   8.67385728316935     
   8.04999160766600     
   8.33158881714492     
   8.54168812716452     
   8.66751974193923     
   8.04999256134030     
   8.33430714912914     
   8.54652620889072     
   8.67385729600028     
   8.04999256134030     
   8.34285323769203     
   8.55515282998628     
   8.69506147020592     
   8.04999256134030     
   8.34638562491619     
   8.57649053633779     
   8.71239845018672     
   8.49999046325680     
   8.81564506568091     
   8.99069268491561     
   9.17914002793983     
   8.49999046325680     
   8.82001706973758     
   8.97019720379036     
   9.16225677182375     
   8.49999046325680     
   8.81950295414277     
   8.96515590934673     
   9.13871820984044     
   8.49999046325680     
   8.81693081620110     
   8.96222516340942     
   9.13446999406227     
   8.49999046325680     
   8.81950296038995     
   8.96515591734462     
   9.13871822376462     
   8.49999046325680     
   8.82001708013993     
   8.97019722284808     
   9.16225680041000     
   8.49999046325680     
   8.81564508004849     
   8.99069271266826     
   9.17914005500951     
