  -1.10000014305110     
 -6.000015512108800E-002
  0.979999780654910     
   2.01999998092650     
   3.05999994277950     
   4.09999990463260     
  -1.10000014305110     
 -6.000013649463700E-002
  0.979999840259550     
   2.01999998092650     
   3.05999994277950     
   4.09999990463260     
  -1.10000002384190     
 -6.000011414289500E-002
  0.979999840259550     
   2.01999998092650     
   3.05999994277950     
   4.09999990463260     
  -1.10000002384190     
 -6.000008806586300E-002
  0.979999899864200     
   2.01999998092650     
   3.05999994277950     
   4.09999990463260     
  -1.10000002384190     
 -6.000006198883100E-002
  0.979999899864200     
   2.01999998092650     
   3.05999994277950     
   4.09999990463260     
  -1.10000002384190     
 -6.000003591179800E-002
  0.979999899864200     
   2.01999998092650     
   3.05999994277950     
   4.09999990463260     
  -1.10000002384190     
 -6.000000983476600E-002
  0.979999959468840     
   2.01999998092650     
   3.05999994277950     
   4.09999990463260     
  -1.09999990463260     
 -5.999998748302500E-002
  0.979999959468840     
   2.01999998092650     
   3.05999994277950     
   4.09999990463260     
  -1.09999990463260     
 -5.999996885657300E-002
  0.980000019073490     
   2.01999998092650     
   3.05999994277950     
   4.09999990463260     
  -1.10000645078220     
 -6.000288556697496E-002
  0.979997965647140     
   2.02000179595133     
   3.06000266576777     
   4.10000621240351     
  -1.10001689088102     
 -6.003358133551841E-002
  0.979985122755654     
   2.02001469841870     
   3.06003338389188     
   4.10001665248696     
  -1.10003980283080     
 -6.005024292847926E-002
  0.979974259933306     
   2.02002556128934     
   3.06005006783866     
   4.10003968363690     
  -1.10005855665354     
 -6.005812109519233E-002
  0.979961983773681     
   2.02003789701882     
   3.06005797207828     
   4.10005843746333     
  -1.10006134623514     
 -6.004682653439321E-002
  0.979962851060398     
   2.02003702973317     
   3.06004670732183     
   4.10006122703360     
  -1.10003094920848     
 -6.002355814355392E-002
  0.979986010564358     
   2.02001387022961     
   3.06002346872737     
   4.10003083001541     
  -1.10000024260837     
 -6.000880262742565E-002
  0.979993487989423     
   2.02000645239849     
   3.06000873929684     
   4.10000012339107     
  -1.09999512100473     
 -5.999889892908757E-002
  0.979998535474570     
   2.02000140491573     
   3.05999885794762     
   4.09999512100201     
  -1.10000018426152     
 -5.999979601185493E-002
  0.979999893354892     
   2.02000010664455     
   3.05999977738695     
   4.10000018425975     
 -0.499990791082380     
 -0.596264484479890     
 -0.534023181254436     
 -0.576337243349232     
  0.166672796010970     
  0.108596960573113     
  7.194652415145535E-002
  0.108880840783457     
  0.833336353302000     
  0.796180675540130     
  0.774990868308072     
  0.776889810989535     
   1.49999988079070     
   1.49999989375690     
   1.49999988983171     
   1.49999986599962     
   2.16666364669800     
   2.20381936689975     
   2.22500916135312     
   2.22311018640964     
   2.83332729339600     
   2.89140316109827     
   2.92805358204440     
   2.89111923299884     
   3.49999070167540     
   3.59626441098333     
   3.53402310383226     
   3.57633714026505     
 -0.499990791082380     
 -0.695656482176540     
 -0.618254763113536     
 -0.657102960958120     
  0.166672796010970     
  5.054408321276321E-002
  1.214128790830671E-002
  4.489821226466557E-002
  0.833336353302000     
  0.771697684171559     
  0.753636263973691     
  0.745794608632332     
   1.49999988079070     
   1.49999989199953     
   1.49999988496172     
   1.49999987318117     
   2.16666364669800     
   2.22830234779753     
   2.24636377488179     
   2.25420538632069     
   2.83332729339600     
   2.94945604829665     
   2.98785882020525     
   2.95510187624973     
   3.49999070167540     
   3.69565639666472     
   3.61825468206601     
   3.65710284624177     
 -0.499990791082380     
 -0.822301563123377     
 -0.750781189480658     
 -0.763383567839495     
  0.166672796010970     
 -3.483264059162211E-002
 -9.459003518761167E-002
 -3.304232713491781E-002
  0.833336353302000     
  0.729001664966823     
  0.709026453999408     
  0.701043412793849     
   1.49999988079070     
   1.49999988061040     
   1.49999988798543     
   1.49999986431533     
   2.16666364669800     
   2.27099838214739     
   2.29097359021216     
   2.29895661597908     
   2.83332729339600     
   3.03483277051883     
   3.09459015776186     
   3.03304241647593     
   3.49999070167540     
   3.82230148813050     
   3.75078109514801     
   3.76338345757055     
 -0.499990791082380     
 -0.961270585860445     
 -0.899312759013391     
 -0.915826171985358     
  0.166672751307490     
 -0.143525959343798     
 -0.220732373456073     
 -0.111670708198405     
  0.833336293697360     
  0.677752437675453     
  0.652388147528821     
  0.668875753857085     
   1.49999976158140     
   1.49999973099960     
   1.49999973272534     
   1.49999973437133     
   2.16666340827940     
   2.32224724095535     
   2.34761152584286     
   2.33112390940315     
   2.83332705497740     
   3.14352575942171     
   3.22073216795406     
   3.11167051031306     
   3.49999070167540     
   3.96127049651692     
   3.89931267263870     
   3.91582605299991     
 -0.499990791082380     
  -1.09445862593451     
  -1.07288977608893     
  -1.01789735289080     
  0.166672796010970     
 -0.258023990042529     
 -0.348406737318375     
 -0.146415466551349     
  0.833336353302000     
  0.625479170603534     
  0.591869615578468     
  0.663631876968710     
   1.49999988079070     
   1.49999987312761     
   1.49999987595306     
   1.49999988021818     
   2.16666364669800     
   2.37452087055863     
   2.40813045450193     
   2.33636815094453     
   2.83332729339600     
   3.25802415798966     
   3.34840687947332     
   3.14641562492044     
   3.49999070167540     
   4.09445852241312     
   4.07288967417560     
   4.01789724827436     
 -0.499990791082380     
  -1.20383723637420     
  -1.23697925489473     
  -1.02148018156994     
  0.166672796010970     
 -0.357396548934571     
 -0.455307978174731     
 -0.129941868019652     
  0.833336353302000     
  0.580729032310139     
  0.536994091862307     
  0.687407503575583     
   1.49999988079070     
   1.49999985889620     
   1.49999986244640     
   1.49999988156059     
   2.16666364669800     
   2.41927101950824     
   2.46300598412090     
   2.31259252179982     
   2.83332729339600     
   3.35739672797079     
   3.45530814650065     
   3.12994200971295     
   3.49999070167540     
   4.20383714501361     
   4.23697913520641     
   4.02148010558070     
 -0.499990791082380     
  -1.27548230358187     
  -1.33947707821796     
 -0.980504938258857     
  0.166672870516780     
 -0.422788184686032     
 -0.517599033769005     
 -9.618277362035382E-002
  0.833336412906650     
  0.550909327003603     
  0.502092117401493     
  0.714424863507078     
   1.50000011920930     
   1.50000019409025     
   1.50000020385122     
   1.50000015998815     
   2.16666388511660     
   2.44909112753791     
   2.49790840246766     
   2.28557550127725     
   2.83332753181460     
   3.42278883132441     
   3.51759964679011     
   3.09618331273612     
   3.49999070167540     
   4.27548219372235     
   4.33947697397241     
   3.98050482347865     
 -0.499990791082380     
  -1.29860698630546     
  -1.34277358102225     
 -0.957325534429683     
  0.166672796010970     
 -0.443481831333728     
 -0.525071505827548     
 -7.810095501118106E-002
  0.833336353302000     
  0.542207396799080     
  0.498990920186109     
  0.719898119395679     
   1.49999988079070     
   1.49999984054041     
   1.49999984758384     
   1.49999985678176     
   2.16666364669800     
   2.45779264765773     
   2.50100910960322     
   2.28010189867392     
   2.83332729339600     
   3.44348202782216     
   3.52507169462614     
   3.07810105750142     
   3.49999070167540     
   4.29860691117030     
   4.34277349363207     
   3.95732543953982     
 -0.499990791082380     
  -1.26715738980586     
  -1.26217314487976     
 -0.948940426406864     
  0.166672870516780     
 -0.414954512792248     
 -0.479040550352895     
 -7.612021232968325E-002
  0.833336412906650     
  0.556392595370660     
  0.525387738909169     
  0.708729312568842     
   1.50000000000000     
   1.50000000798131     
   1.49999999422032     
   1.49999998970351     
   2.16666388511660     
   2.44360785010628     
   2.47461274102226     
   2.29127101817764     
   2.83332753181460     
   3.41495513843266     
   3.47904115405342     
   3.07612067970241     
   3.49999070167540     
   4.26715730495528     
   4.26217307144100     
   3.94894032588317     
 -0.499990791082380     
  -1.18835186086858     
  -1.13308482356929     
 -0.930134061518323     
  0.166672796010970     
 -0.341499806334868     
 -0.393403295301153     
 -7.781702745764893E-002
  0.833336353302000     
  0.589654825944959     
  0.570541827072649     
  0.693789463078085     
   1.49999988079070     
   1.49999984795529     
   1.49999983200468     
   1.49999986642298     
   2.16666364669800     
   2.41034517068739     
   2.42945820141916     
   2.30621052393487     
   2.83332729339600     
   3.34149999050125     
   3.39340343996894     
   3.07781715050318     
   3.49999070167540     
   4.18835177528441     
   4.13308476087764     
   3.93013397371631     
 -0.499990791082380     
  -1.08228190892159     
 -0.984400161479511     
 -0.883963695726522     
  0.166672796010970     
 -0.240596982405703     
 -0.285069027219066     
 -8.085751151994744E-002
  0.833336353302000     
  0.634307939999354     
  0.625533594652159     
  0.677507631953795     
   1.49999988079070     
   1.49999983814370     
   1.49999985239663     
   1.49999986705114     
   2.16666364669800     
   2.36569206968487     
   2.37446641245309     
   2.32249240010808     
   2.83332729339600     
   3.24059712942274     
   3.28506915108332     
   3.08085762198617     
   3.49999070167540     
   4.08228185633440     
   3.98440008270383     
   3.88396366874402     
 -0.499990791082380     
 -0.967669556630118     
 -0.847524194413950     
 -0.788666073973499     
  0.166672796010970     
 -0.135604296781001     
 -0.173016700721100     
 -4.987408061228218E-002
  0.833336353302000     
  0.681853611738961     
  0.678310630562134     
  0.685755670084858     
   1.49999988079070     
   1.49999985082845     
   1.49999985575589     
   1.49999985988680     
   2.16666364669800     
   2.31814638429228     
   2.32168937349330     
   2.31424435975082     
   2.83332729339600     
   3.13560443435580     
   3.17301681251636     
   3.04987419087717     
   3.49999070167540     
   3.96766947800804     
   3.84752412290718     
   3.78866605966490     
 -0.499990791082380     
 -0.855024055715401     
 -0.741872093649930     
 -0.695142841759700     
  0.166672825813290     
 -4.356487468195888E-002
 -7.586286202382270E-002
  1.831231031352257E-002
  0.833336353302000     
  0.725291046018283     
  0.722500051762950     
  0.721865794620394     
   1.50000000000000     
   1.49999999389056     
   1.50000000009066     
   1.50000000453361     
   2.16666364669800     
   2.27470895333605     
   2.27749994328160     
   2.27813422085601     
   2.83332729339600     
   3.04356502022007     
   3.07586300105183     
   2.98168783705461     
   3.49999070167540     
   3.85502398855780     
   3.74187201035883     
   3.69514278399794     
 -0.499990791082380     
 -0.757261723994441     
 -0.667089441393974     
 -0.626215919595949     
  0.166672810912130     
  2.764912896715503E-002
  1.566380294031722E-003
  7.715059085824182E-002
  0.833336412906650     
  0.760429380357564     
  0.758296246186960     
  0.759720181672250     
   1.50000000000000     
   1.49999999320198     
   1.49999999563576     
   1.50000000166651     
   2.16666388511660     
   2.23957094239867     
   2.24170408397250     
   2.24028014593512     
   2.83332753181460     
   2.97235125500003     
   2.99843398693786     
   2.92284976110646     
   3.49999070167540     
   3.75726165130492     
   3.66708934162884     
   3.62621584699295     
 -0.499990791082380     
 -0.681730019498961     
 -0.615161929482458     
 -0.575302809584792     
  0.166672870516780     
  7.684135667673846E-002
  5.826309820611304E-002
  0.116862879382930     
  0.833336412906650     
  0.786486769865805     
  0.784487791930849     
  0.789793696735805     
   1.50000011920930     
   1.50000012167471     
   1.50000012129788     
   1.50000012636445     
   2.16666388511660     
   2.21351353292571     
   2.21551252074508     
   2.21020660340813     
   2.83332753181460     
   2.92315908123094     
   2.94173731613186     
   2.88313752368216     
   3.49999070167540     
   3.68172992568817     
   3.61516182464611     
   3.57530271195727     
 -0.499990791082380     
 -0.628155817508514     
 -0.579199704504127     
 -0.542150603945269     
  0.166672796010970     
  0.107529929039844     
  9.648516750498592E-002
  0.142064014653011     
  0.833336353302000     
  0.803583986640338     
  0.802195964711474     
  0.809790865199007     
   1.49999988079070     
   1.49999986769204     
   1.49999986693703     
   1.49999986819599     
   2.16666364669800     
   2.19641599874142     
   2.19780401885520     
   2.19020911878578     
   2.83332729339600     
   2.89247015959108     
   2.90351491095931     
   2.85793605892624     
   3.49999070167540     
   3.62815571973341     
   3.57919960089194     
   3.54215049793770     
 -0.499990791082380     
 -0.593216323697127     
 -0.555310722635627     
 -0.520648311880168     
  0.166672825813290     
  0.124705558763118     
  0.120405977052585     
  0.156528075567694     
  0.833336353302000     
  0.813301481397762     
  0.813242603659667     
  0.821901662399174     
   1.49999988079070     
   1.49999986886521     
   1.49999986678046     
   1.49999986743986     
   2.16666364669800     
   2.18669850471758     
   2.18675737756152     
   2.17809831496844     
   2.83332729339600     
   2.87529455820658     
   2.87959412704425     
   2.84347202018891     
   3.49999070167540     
   3.59321622574511     
   3.55531061454835     
   3.52064819890735     
 -0.499990791082380     
 -0.573572512217122     
 -0.538534645122906     
 -0.508349171645700     
  0.166672751307490     
  0.132761591452922     
  0.134201867979632     
  0.165183880730543     
  0.833336353302000     
  0.817764378535983     
  0.819920724212145     
  0.828594750830847     
   1.49999988079070     
   1.49999987048733     
   1.49999986669325     
   1.49999986561811     
   2.16666340827940     
   2.18223536267077     
   2.18007900890085     
   2.17140498214609     
   2.83332705497740     
   2.86723819619983     
   2.86579791260570     
   2.83481589678414     
   3.49999070167540     
   3.57357241421306     
   3.53853453447318     
   3.50834905310164     
 -0.499990791082380     
 -0.565236855090214     
 -0.526853655519283     
 -0.497232739731878     
  0.166672840714450     
  0.134105206466356     
  0.143993866409936     
  0.170758053462986     
  0.833336353302000     
  0.819498314879345     
  0.823924257719964     
  0.832348806987134     
   1.50000000000000     
   1.49999999212921     
   1.49999998701800     
   1.49999998468396     
   2.16666388511660     
   2.18050191441743     
   2.17607595836347     
   2.16765139727181     
   2.83332753181460     
   2.86589516973820     
   2.85600650495621     
   2.82924228923579     
   3.49999070167540     
   3.56523675119458     
   3.52685354072081     
   3.49723261213750     
 -0.499990791082380     
 -0.571352882606641     
 -0.501658817313880     
 -0.499608362134934     
  0.166672766208650     
  0.132978481579984     
  0.153153433972913     
  0.175863474437342     
  0.833336353302000     
  0.820229577718111     
  0.826650124766732     
  0.835725000106890     
   1.49999988079070     
   1.49999987035456     
   1.49999986427006     
   1.49999986296769     
   2.16666364669800     
   2.17977040552800     
   2.17334984647055     
   2.16427496100223     
   2.83332729339600     
   2.86702156936335     
   2.84684659403845     
   2.82413654681437     
   3.49999070167540     
   3.57135277337931     
   3.50165869727214     
   3.49960823457465     
 -0.499990791082380     
 -0.577758898022225     
 -0.477135645699567     
 -0.501070790229638     
  0.166672796010970     
  0.132291573212347     
  0.161457103622372     
  0.185931816726216     
  0.833336353302000     
  0.821405597171956     
  0.829277428341766     
  0.842474675463566     
   1.49999988079070     
   1.49999986846992     
   1.49999986238333     
   1.49999986006152     
   2.16666364669800     
   2.17859438499997     
   2.17072253824811     
   2.15752527757485     
   2.83332729339600     
   2.86770850432395     
   2.83854294631659     
   2.81406823131366     
   3.49999070167540     
   3.57775879018869     
   3.47713551792171     
   3.50107065995298     
