  0.800194835662801     
  0.800194835662801     
  0.800194835662801     
  0.800194835662801     
  0.800194835662801     
  0.800194835662801     
  0.378610706329300     
  0.378610706329300     
  0.378610706329300     
  0.378610706329300     
  0.378610706329300     
  0.378610706329300     
  6.233820915220001E-002
  6.233820915220001E-002
  6.233820915220001E-002
  6.233820915220001E-002
  6.233820915220001E-002
  6.233820915220001E-002
 -0.133628749847400     
 -0.133628749847400     
 -0.133628749847400     
 -0.133628749847400     
 -0.133628749847400     
 -0.133628749847400     
 -0.199999952316300     
 -0.199999952316300     
 -0.199999952316300     
 -0.199999952316300     
 -0.199999952316300     
 -0.199999952316300     
 -0.133628749847400     
 -0.133628749847400     
 -0.133628749847400     
 -0.133628749847400     
 -0.133628749847400     
 -0.133628749847400     
  6.233820915220001E-002
  6.233820915220001E-002
  6.233820915220001E-002
  6.233820915220001E-002
  6.233820915220001E-002
  6.233820915220001E-002
  0.378610706329300     
  0.378610706329300     
  0.378610706329300     
  0.378610706329300     
  0.378610706329300     
  0.378610706329300     
  0.800194597244301     
  0.800194597244301     
  0.800194597244301     
  0.800194597244301     
  0.800194597244301     
  0.800194597244301     
  0.671626559355192     
  0.671612011544982     
  0.671615716647852     
  0.671615716722334     
  0.671612011570119     
  0.671626559431779     
  0.219985960096077     
  0.220019742656123     
  0.220037391260210     
  0.220037391191067     
  0.220019742606408     
  0.219985960126216     
 -0.118823031546027     
 -0.118805456448667     
 -0.118775113468526     
 -0.118775113328283     
 -0.118805456440286     
 -0.118823031505380     
 -0.328728650825145     
 -0.328740020597210     
 -0.328704920017999     
 -0.328704920033506     
 -0.328740020642796     
 -0.328728650775517     
 -0.399814404934336     
 -0.399835676562252     
 -0.399786492603755     
 -0.399786492597445     
 -0.399835676570794     
 -0.399814404922665     
 -0.328745804424056     
 -0.328734613553129     
 -0.328683774077179     
 -0.328683774030715     
 -0.328734613595677     
 -0.328745804384399     
 -0.118853281903484     
 -0.118778596989743     
 -0.118763785860452     
 -0.118763785902281     
 -0.118778596971298     
 -0.118853281916007     
  0.219951277641014     
  0.219997686152453     
  0.219997307510400     
  0.219997307496878     
  0.219997686157702     
  0.219951277628303     
  0.671633219920515     
  0.671632785477527     
  0.671633616065302     
  0.671633616067161     
  0.671632785475170     
  0.671633219925134     
  -2.00000000000000     
  -1.20406570246781     
  8.370448265601980E-003
  0.970052955251005     
  -2.00000000000000     
  -1.11434499775782     
 -1.141882969056850E-002
  0.929126297189526     
  -2.00000000000000     
  -1.09261188049657     
  1.358726331709940E-002
  0.903889656765659     
  -2.00000000000000     
  -1.08493830510343     
  1.782045674691260E-002
  0.907332543481246     
  -2.00000000000000     
  -1.09261186925861     
  1.358727687882060E-002
  0.903889685376360     
  -2.00000000000000     
  -1.11434498702597     
 -1.141880121568647E-002
  0.929126348482455     
  -2.00000000000000     
  -1.20406566904376     
  8.370484722478200E-003
  0.970053013835552     
  -2.00000000000000     
  -1.10684817189599     
 -0.130416965415860     
  0.764942245433543     
  -2.00000000000000     
  -1.03119851411198     
 -0.150449671431244     
  0.709149325490263     
  -2.00000000000000     
  -1.03097334549155     
 -0.120108829658827     
  0.682821991869142     
  -2.00000000000000     
  -1.02074954806296     
 -0.119274842137821     
  0.693864994013598     
  -2.00000000000000     
  -1.03097333841929     
 -0.120108809929956     
  0.682822029575841     
  -2.00000000000000     
  -1.03119850919353     
 -0.150449637902985     
  0.709149407459659     
  -2.00000000000000     
  -1.10684815517547     
 -0.130416916886697     
  0.764942322288955     
  -2.00000000000000     
  -1.17203168963617     
 -0.252217519715173     
  0.488381518118662     
  -2.00000000000000     
  -1.06340614165733     
 -0.270608195168482     
  0.419196580707310     
  -2.00000000000000     
  -1.07995189401701     
 -0.230237637434062     
  0.397053951376421     
  -2.00000000000000     
  -1.06108599669085     
 -0.235781785819366     
  0.403012457327891     
  -2.00000000000000     
  -1.07995188537246     
 -0.230237612009821     
  0.397054030769669     
  -2.00000000000000     
  -1.06340613618938     
 -0.270608152019451     
  0.419196682914695     
  -2.00000000000000     
  -1.17203167926748     
 -0.252217463846449     
  0.488381661231298     
  -2.00000000000000     
  -1.26605969640135     
 -0.421977665441107     
  0.121436839499850     
  -2.00000000000000     
  -1.10774898348349     
 -0.440930531404798     
  6.443965120397910E-002
  -2.00000000000000     
  -1.13874285177778     
 -0.398338557546387     
  5.064042321655493E-002
  -2.00000000000000     
  -1.11486363852770     
 -0.406564713522894     
  3.812027728091771E-002
  -2.00000000000000     
  -1.13874284068181     
 -0.398338511168229     
  5.064051200382980E-002
  -2.00000000000000     
  -1.10774896267975     
 -0.440930466465260     
  6.443974674493125E-002
  -2.00000000000000     
  -1.26605965635004     
 -0.421977613382517     
  0.121436978757703     
  -2.00000000000000     
  -1.37355349357892     
 -0.626387848479919     
 -0.199019752606563     
  -2.00000000000000     
  -1.17289042055493     
 -0.648000012506637     
 -0.222503308465044     
  -2.00000000000000     
  -1.21760434647086     
 -0.610423709606752     
 -0.224291124415567     
  -2.00000000000000     
  -1.18781790664901     
 -0.629428025354343     
 -0.246740643845871     
  -2.00000000000000     
  -1.21760433162611     
 -0.610423666338022     
 -0.224291077456976     
  -2.00000000000000     
  -1.17289041103183     
 -0.647999959387060     
 -0.222503265336720     
  -2.00000000000000     
  -1.37355350131357     
 -0.626387775601494     
 -0.199019637838151     
  -2.00000000000000     
  -1.46672456035348     
 -0.818101793563580     
 -0.366250543150929     
  -2.00000000000000     
  -1.24596972411022     
 -0.829592315586047     
 -0.367835637665567     
  -2.00000000000000     
  -1.30696599345317     
 -0.793310556551485     
 -0.357245723528565     
  -2.00000000000000     
  -1.26887015035860     
 -0.831926758810512     
 -0.384237700337656     
  -2.00000000000000     
  -1.30696597674787     
 -0.793310546802144     
 -0.357245730018920     
  -2.00000000000000     
  -1.24596972003106     
 -0.829592292319724     
 -0.367835608337169     
  -2.00000000000000     
  -1.46672458562128     
 -0.818101732159494     
 -0.366250512105307     
  -2.00000000000000     
  -1.52392953242854     
 -0.929756937597777     
 -0.389193044731292     
  -2.00000000000000     
  -1.29481175771183     
 -0.926032198968346     
 -0.401295377685427     
  -2.00000000000000     
  -1.36433073485191     
 -0.890898607481204     
 -0.380034982065008     
  -2.00000000000000     
  -1.32194987569158     
 -0.943890428062489     
 -0.410598824404543     
  -2.00000000000000     
  -1.36433073374818     
 -0.890898587167523     
 -0.380034965975828     
  -2.00000000000000     
  -1.29481179910707     
 -0.926032241229213     
 -0.401295403235803     
  -2.00000000000000     
  -1.52392965063963     
 -0.929756884899418     
 -0.389193043375484     
  -2.00000000000000     
  -1.54085312373064     
 -0.903146967415902     
 -0.300083908767452     
  -2.00000000000000     
  -1.29752216317228     
 -0.898702137560488     
 -0.317594907062042     
  -2.00000000000000     
  -1.36483179617598     
 -0.858171732392040     
 -0.304302041712678     
  -2.00000000000000     
  -1.32413592285922     
 -0.908477425803647     
 -0.335438389895556     
  -2.00000000000000     
  -1.36483180892588     
 -0.858171759739662     
 -0.304302045685103     
  -2.00000000000000     
  -1.29752219713967     
 -0.898702209236399     
 -0.317594970750017     
  -2.00000000000000     
  -1.54085317054318     
 -0.903146999272643     
 -0.300083971495412     
  -2.00000000000000     
  -1.50629477018072     
 -0.759605316056026     
 -0.108289178167359     
  -2.00000000000000     
  -1.24680023621791     
 -0.759734992757733     
 -0.130728007367442     
  -2.00000000000000     
  -1.30673335899107     
 -0.704880881965463     
 -0.131325353920541     
  -2.00000000000000     
  -1.26783477353504     
 -0.742321234128085     
 -0.155205449332939     
  -2.00000000000000     
  -1.30673335803110     
 -0.704880945644882     
 -0.131325494948525     
  -2.00000000000000     
  -1.24680031908552     
 -0.759735105905394     
 -0.130728119974536     
  -2.00000000000000     
  -1.50629491187852     
 -0.759605346622872     
 -0.108289315913885     
  -2.00000000000000     
  -1.42207646038947     
 -0.550105946367610     
  0.161027878805639     
  -2.00000000000000     
  -1.16028547584901     
 -0.558191001537167     
  0.132180452086844     
  -2.00000000000000     
  -1.20979598944574     
 -0.492898843004430     
  0.122565596219521     
  -2.00000000000000     
  -1.17142431566677     
 -0.516466450978088     
  0.110716615174062     
  -2.00000000000000     
  -1.20979602040145     
 -0.492898863972025     
  0.122565580340488     
  -2.00000000000000     
  -1.16028554268026     
 -0.558191075925704     
  0.132180386082953     
  -2.00000000000000     
  -1.42207652553282     
 -0.550106020689792     
  0.161027782645855     
  -2.00000000000000     
  -1.32207603282399     
 -0.318345215667316     
  0.536275083969057     
  -2.00000000000000     
  -1.08490378868968     
 -0.328812449533428     
  0.485787070017407     
  -2.00000000000000     
  -1.12532639672499     
 -0.255761297749748     
  0.480134591588913     
  -2.00000000000000     
  -1.09230137781824     
 -0.268381827713281     
  0.497032543088199     
  -2.00000000000000     
  -1.12532640697095     
 -0.255761336751134     
  0.480134557883843     
  -2.00000000000000     
  -1.08490382911005     
 -0.328812533409410     
  0.485786944791169     
  -2.00000000000000     
  -1.32207607946633     
 -0.318345323623438     
  0.536274784226055     
  -2.00000000000000     
  -1.21613754440754     
 -0.129258693424635     
  0.842021233411741     
  -2.00000000000000     
  -1.02711031812071     
 -0.139868325430714     
  0.786039357483117     
  -2.00000000000000     
  -1.05704134499928     
 -7.222425062832677E-002
  0.790913530999853     
  -2.00000000000000     
  -1.03204149424088     
 -7.906434364383244E-002
  0.824928489572123     
  -2.00000000000000     
  -1.05704134911764     
 -7.222428945475290E-002
  0.790913485221756     
  -2.00000000000000     
  -1.02711035040879     
 -0.139868401100896     
  0.786039288848251     
  -2.00000000000000     
  -1.21613759228388     
 -0.129258785014880     
  0.842021111900639     
  -2.00000000000000     
  -1.12271081087583     
 -3.711436792356200E-003
  0.998917534214432     
  -2.00000000000000     
 -0.983838316753513     
 -1.557874982563375E-002
  0.948738982074283     
  -2.00000000000000     
  -1.00325993520044     
  3.723980764145857E-002
  0.940931825178210     
  -2.00000000000000     
 -0.985298595401153     
  3.443677080047383E-002
  0.966426633146260     
  -2.00000000000000     
  -1.00325994382413     
  3.723978472472236E-002
  0.940931804800871     
  -2.00000000000000     
 -0.983838351005928     
 -1.557879538795047E-002
  0.948738950956410     
  -2.00000000000000     
  -1.12271084722899     
 -3.711490961245633E-003
  0.998917475667292     
  -2.00000000000000     
  -1.05656930428837     
  6.415813859986977E-002
   1.08550513635713     
  -2.00000000000000     
 -0.962483414957326     
  5.311309848385954E-002
   1.04324597407135     
  -2.00000000000000     
 -0.973254466878366     
  8.860622969074060E-002
   1.02749224461494     
  -2.00000000000000     
 -0.961857418078907     
  8.751616884141847E-002
   1.04355334149207     
  -2.00000000000000     
 -0.973254472755551     
  8.860620793695093E-002
   1.02749222963521     
  -2.00000000000000     
 -0.962483446951843     
  5.311306903718683E-002
   1.04324597092653     
  -2.00000000000000     
  -1.05656933578999     
  6.415811590022370E-002
   1.08550512133688     
  -2.00000000000000     
  -1.01634879282023     
  9.246865512018261E-002
   1.11769973491944     
  -2.00000000000000     
 -0.956891156872144     
  8.244557172357948E-002
   1.08400941615970     
  -2.00000000000000     
 -0.962177608152741     
  0.104026485587295     
   1.06692211936907     
  -2.00000000000000     
 -0.955469115455098     
  0.103601382000312     
   1.07521814979341     
  -2.00000000000000     
 -0.962177611054465     
  0.104026474528718     
   1.06692211500295     
  -2.00000000000000     
 -0.956891178089285     
  8.244555654877307E-002
   1.08400942742363     
  -2.00000000000000     
  -1.01634881031949     
  9.246864871957450E-002
   1.11769973018366     
  -2.00000000000000     
 -0.996635490704043     
  9.244189865688286E-002
   1.11406283590669     
  -2.00000000000000     
 -0.960206214976232     
  8.314225656923829E-002
   1.08722871171269     
  -2.00000000000000     
 -0.962891681850641     
  9.544467969321008E-002
   1.07216143243424     
  -2.00000000000000     
 -0.958849285391681     
  9.510593665763596E-002
   1.07604780640933     
  -2.00000000000000     
 -0.962891683392893     
  9.544467717571585E-002
   1.07216143230322     
  -2.00000000000000     
 -0.960206220893312     
  8.314225260481148E-002
   1.08722871501064     
  -2.00000000000000     
 -0.996635493636839     
  9.244189519892351E-002
   1.11406283604177     
  -2.00000000000000     
 -0.991969406461985     
  7.281688770477203E-002
   1.08465032349599     
  -2.00000000000000     
 -0.969665862028466     
  6.363764462991001E-002
   1.06320566049249     
  -2.00000000000000     
 -0.971263280312345     
  7.055407811602768E-002
   1.05139785684259     
  -2.00000000000000     
 -0.968729822784065     
  7.036687142994402E-002
   1.05302335757465     
  -2.00000000000000     
 -0.971263280328193     
  7.055407756927348E-002
   1.05139785723694     
  -2.00000000000000     
 -0.969665865831756     
  6.363764528782226E-002
   1.06320566680904     
  -2.00000000000000     
 -0.991969406672475     
  7.281689150072046E-002
   1.08465032898500     
  -2.00000000000000     
 -0.996920293073398     
  3.628934229214413E-002
   1.03745973890731     
  -2.00000000000000     
 -0.983471198013088     
  2.707767820634696E-002
   1.02031549084556     
  -2.00000000000000     
 -0.984686347411986     
  3.159714815682762E-002
   1.01132697540773     
  -2.00000000000000     
 -0.982514914523729     
  3.142703693310070E-002
   1.01220532376133     
  -2.00000000000000     
 -0.984686346589220     
  3.159715085122188E-002
   1.01132697715167     
  -2.00000000000000     
 -0.983471197190920     
  2.707767770410294E-002
   1.02031549109088     
  -2.00000000000000     
 -0.996920290059356     
  3.628934924257820E-002
   1.03745974456984     
  -2.00000000000000     
  -1.01408915228261     
 -1.319038509071700E-002
  0.972228150322356     
  -2.00000000000000     
  -1.00606736031116     
 -2.249418779726285E-002
  0.958704579393400     
  -2.00000000000000     
  -1.00600543591718     
 -1.860691967015782E-002
  0.951239196508147     
  -2.00000000000000     
  -1.00367184928108     
 -1.887566354597378E-002
  0.952378116642501     
  -2.00000000000000     
  -1.00600543623974     
 -1.860692127221127E-002
  0.951239197925985     
  -2.00000000000000     
  -1.00606731255994     
 -2.249405017490969E-002
  0.958704651461589     
  -2.00000000000000     
  -1.01408914626599     
 -1.319037667285885E-002
  0.972228160204509     
  -2.00000000000000     
  -1.04171609764874     
 -8.897933126418572E-002
  0.905955103630103     
  -2.00000000000000     
  -1.03403973069777     
 -0.100451160965853     
  0.902357556158867     
  -2.00000000000000     
  -1.03051720848305     
 -9.738103374009541E-002
  0.895345030710897     
  -2.00000000000000     
  -1.02864468197846     
 -9.690132766717179E-002
  0.897200605460148     
  -2.00000000000000     
  -1.03051720860791     
 -9.738103508901810E-002
  0.895345031023801     
  -2.00000000000000     
  -1.03403973307685     
 -0.100451153030163     
  0.902357557309679     
  -2.00000000000000     
  -1.04171609131503     
 -8.897932992384071E-002
  0.905955108275435     
  -2.00000000000000     
  -1.14653457230694     
 -0.160871132166836     
  0.825197014220056     
  -2.00000000000000     
  -1.13609552397017     
 -0.171826819007954     
  0.828375600618723     
  -2.00000000000000     
  -1.13099634084509     
 -0.166995293616952     
  0.825322301314255     
  -2.00000000000000     
  -1.12893502941127     
 -0.165840853614438     
  0.828202975292281     
  -2.00000000000000     
  -1.13099634254778     
 -0.166995295298993     
  0.825322300057755     
  -2.00000000000000     
  -1.13609552822639     
 -0.171826819614562     
  0.828375602455271     
  -2.00000000000000     
  -1.14653457061579     
 -0.160871127214900     
  0.825197015101009     
