         111
         139
         143
         115
         115
         143
         147
         119
         119
         147
         151
         123
         123
         151
         155
         127
         127
         155
         159
         131
         131
         159
         163
         135
         139
         167
         171
         143
         143
         171
         175
         147
         147
         175
         179
         151
         151
         179
         183
         155
         155
         183
         187
         159
         159
         187
         191
         163
         167
         195
         199
         171
         171
         199
         203
         175
         175
         203
         207
         179
         179
         207
         211
         183
         183
         211
         215
         187
         187
         215
         219
         191
         195
         223
         227
         199
         199
         227
         231
         203
         203
         231
         235
         207
         207
         235
         239
         211
         211
         239
         243
         215
         215
         243
         247
         219
         223
         251
         255
         227
         227
         255
         259
         231
         231
         259
         263
         235
         235
         263
         267
         239
         239
         267
         271
         243
         243
         271
         275
         247
         251
         279
         283
         255
         255
         283
         287
         259
         259
         287
         291
         263
         263
         291
         295
         267
         267
         295
         299
         271
         271
         299
         303
         275
         279
         307
         311
         283
         283
         311
         315
         287
         287
         315
         319
         291
         291
         319
         323
         295
         295
         323
         327
         299
         299
         327
         331
         303
         307
         335
         339
         311
         311
         339
         343
         315
         315
         343
         347
         319
         319
         347
         351
         323
         323
         351
         355
         327
         327
         355
         359
         331
         335
         363
         367
         339
         339
         367
         371
         343
         343
         371
         375
         347
         347
         375
         379
         351
         351
         379
         383
         355
         355
         383
         387
         359
         363
         391
         395
         367
         367
         395
         399
         371
         371
         399
         403
         375
         375
         403
         407
         379
         379
         407
         411
         383
         383
         411
         415
         387
         391
         419
         423
         395
         395
         423
         427
         399
         399
         427
         431
         403
         403
         431
         435
         407
         407
         435
         439
         411
         411
         439
         443
         415
         419
         447
         451
         423
         423
         451
         455
         427
         427
         455
         459
         431
         431
         459
         463
         435
         435
         463
         467
         439
         439
         467
         471
         443
         447
         475
         479
         451
         451
         479
         483
         455
         455
         483
         487
         459
         459
         487
         491
         463
         463
         491
         495
         467
         467
         495
         499
         471
         475
         503
         507
         479
         479
         507
         511
         483
         483
         511
         515
         487
         487
         515
         519
         491
         491
         519
         523
         495
         495
         523
         527
         499
         503
         531
         535
         507
         507
         535
         539
         511
         511
         539
         543
         515
         515
         543
         547
         519
         519
         547
         551
         523
         523
         551
         555
         527
         531
         559
         563
         535
         535
         563
         567
         539
         539
         567
         571
         543
         543
         571
         575
         547
         547
         575
         579
         551
         551
         579
         583
         555
         559
         587
         591
         563
         563
         591
         595
         567
         567
         595
         599
         571
         571
         599
         603
         575
         575
         603
         607
         579
         579
         607
         611
         583
         587
         615
         619
         591
         591
         619
         623
         595
         595
         623
         627
         599
         599
         627
         631
         603
         603
         631
         635
         607
         607
         635
         639
         611
         615
         643
         647
         619
         619
         647
         651
         623
         623
         651
         655
         627
         627
         655
         659
         631
         631
         659
         663
         635
         635
         663
         667
         639
         643
         671
         675
         647
         647
         675
         679
         651
         651
         679
         683
         655
         655
         683
         687
         659
         659
         687
         691
         663
         663
         691
         695
         667
