   4.68338570227994     
   4.68338570227994     
   4.68338570227994     
   4.68338570227994     
   4.68338617911704     
   4.68338617911704     
   4.24299368491544     
   4.24299368491544     
   4.24299368491544     
   4.24299368491544     
   4.24299368491544     
   4.24299392333394     
   3.72179278960594     
   3.72179278960594     
   3.72179278960594     
   3.72179302802454     
   3.72179302802454     
   3.72179302802454     
   3.14449247947104     
   3.14449247947104     
   3.14449247947104     
   3.14449247947104     
   3.14449271788964     
   3.14449271788964     
   2.53846153846154     
   2.53846177688014     
   2.53846177688014     
   2.53846177688014     
   2.53846177688014     
   2.53846177688014     
   1.93243071666134     
   1.93243083587064     
   1.93243083587064     
   1.93243083587064     
   1.93243083587064     
   1.93243095507984     
   1.35513052573571     
   1.35513052573571     
   1.35513052573571     
   1.35513064494500     
   1.35513064494500     
   1.35513076415429     
  0.833929630426258     
  0.833929630426258     
  0.833929630426258     
  0.833929749635548     
  0.833929749635548     
  0.833929868844838     
  0.393537136224599     
  0.393537136224599     
  0.393537136224599     
  0.393537136224599     
  0.393537374643179     
  0.393537374643179     
   4.83659327777090     
   4.83658611035167     
   4.83658236207522     
   4.83658236198347     
   4.83658658716622     
   4.83659375450666     
   4.36470258875531     
   4.36464917839382     
   4.36465002258182     
   4.36465002261775     
   4.36464917847680     
   4.36470282717374     
   3.80626669177437     
   3.80625299649795     
   3.80626422970953     
   3.80626446807749     
   3.80625323491052     
   3.80626693018159     
   3.18773206437178     
   3.18772324825034     
   3.18772252461300     
   3.18772252465099     
   3.18772348667764     
   3.18773230278669     
   2.53842911775617     
   2.53841397339390     
   2.53839055335632     
   2.53839055334786     
   2.53841397340725     
   2.53842935617691     
   1.88913749987814     
   1.88911877322931     
   1.88911165646930     
   1.88911165648149     
   1.88911889243802     
   1.88913773829987     
   1.27061758536641     
   1.27062211445721     
   1.27062382520743     
   1.27062394441951     
   1.27062223366350     
   1.27061782378816     
  0.712181121242126     
  0.712203636251834     
  0.712201320182586     
  0.712201439377856     
  0.712203755470665     
  0.712181359653418     
  0.240323860249062     
  0.240331364621886     
  0.240328760614946     
  0.240328760613840     
  0.240331603040900     
  0.240324098666806     
 -0.499990791082380     
  -1.05758267797283     
 -0.840087772919955     
 -0.426709730049277     
 -0.499990791082380     
 -0.965061487156349     
 -0.760059816240259     
 -0.316645773668859     
 -0.499990791082380     
 -0.930370862201177     
 -0.731332921685071     
 -0.259648527816848     
 -0.499990791082380     
 -0.928129240160984     
 -0.717255430668415     
 -0.254947739248408     
 -0.499990791082380     
 -0.930370847777937     
 -0.731332903135331     
 -0.259648528040335     
 -0.499990791082380     
 -0.965061471607968     
 -0.760059799814881     
 -0.316645788328195     
 -0.499990791082380     
  -1.05758264178581     
 -0.840087727245612     
 -0.426709720403795     
 -4.999172687530500E-002
 -0.608960762311316     
 -0.468072392996660     
  5.375749130185861E-003
 -4.999172687530500E-002
 -0.502892809127317     
 -0.382569185362830     
  0.101503366974902     
 -4.999172687530500E-002
 -0.484331806752889     
 -0.358925040783411     
  0.131350253210563     
 -4.999172687530500E-002
 -0.487206931564980     
 -0.353824906075292     
  0.135903541959548     
 -4.999172687530500E-002
 -0.484331791191253     
 -0.358925018594346     
  0.131350264261096     
 -4.999172687530500E-002
 -0.502892797341166     
 -0.382569161333276     
  0.101503365580743     
 -4.999172687530500E-002
 -0.608960725010558     
 -0.468072346585526     
  5.375771361068638E-003
  0.400007337331770     
 -0.140339703061141     
 -3.801646053575136E-002
  0.412177778941591     
  0.400007337331770     
 -2.930981248017533E-002
  5.463968685989667E-002
  0.501586888920624     
  0.400007337331770     
 -2.215546682529357E-002
  7.218819147333516E-002
  0.518694089655750     
  0.400007307529450     
 -2.677870931751342E-002
  6.931382981697015E-002
  0.527456506993608     
  0.400007337331770     
 -2.215545718102985E-002
  7.218821433531863E-002
  0.518694108233887     
  0.400007337331770     
 -2.930979925898264E-002
  5.463970959822484E-002
  0.501586902996337     
  0.400007337331770     
 -0.140339693394298     
 -3.801642558374546E-002
  0.412177801179793     
  0.850006341934200     
  0.360019503820634     
  0.426446983761776     
  0.874225038616660     
  0.850006341934200     
  0.462731191451893     
  0.514075889094277     
  0.962798334901858     
  0.850006341934200     
  0.463394877366379     
  0.522344961455411     
  0.982382003964294     
  0.850006341934200     
  0.457207066047159     
  0.511761569382227     
  0.995053802392306     
  0.850006341934200     
  0.463394877457102     
  0.522344969334092     
  0.982382021929010     
  0.850006341934200     
  0.462731193899844     
  0.514075921199092     
  0.962798323107081     
  0.850006341934200     
  0.360019544376916     
  0.426447016842806     
  0.874225077321651     
   1.30000543594360     
  0.913894730303491     
  0.961942753388767     
   1.47013356683663     
   1.30000543594360     
  0.992506573048950     
   1.04335772550316     
   1.51272362705980     
   1.30000543594360     
  0.990120867407020     
   1.04257098617701     
   1.54843081691627     
   1.30000543594360     
  0.985388116595081     
   1.02457704935302     
   1.57031079091792     
   1.30000543594360     
  0.990120864545962     
   1.04257098948064     
   1.54843078475793     
   1.30000543594360     
  0.992506562403271     
   1.04335768553476     
   1.51272360186066     
   1.30000543594360     
  0.913894725075622     
  0.961942781773264     
   1.47013351987319     
   1.75000441074370     
   1.52592112608502     
   1.60148275977774     
   2.13012092274428     
   1.75000441074370     
   1.57743366954353     
   1.66576757460628     
   2.11661694886599     
   1.75000441074370     
   1.57590364071482     
   1.66467504955859     
   2.15034943022472     
   1.75000452995300     
   1.57319518674082     
   1.64505227294508     
   2.17281382725308     
   1.75000441074370     
   1.57590363036345     
   1.66467504140887     
   2.15034939625453     
   1.75000441074370     
   1.57743362841956     
   1.66576752969652     
   2.11661689112532     
   1.75000441074370     
   1.52592112757359     
   1.60148275537966     
   2.13012089997877     
   2.20000362396240     
   2.18359185671678     
   2.34397376734223     
   2.72885420107209     
   2.20000362396240     
   2.21322776168186     
   2.36894358136710     
   2.69356459155575     
   2.20000362396240     
   2.21085402198686     
   2.37291495356488     
   2.69903333047998     
   2.20000362396240     
   2.21063554507631     
   2.36430097359973     
   2.71179914058190     
   2.20000362396240     
   2.21085400475630     
   2.37291493592711     
   2.69903329780557     
   2.20000362396240     
   2.21322771955708     
   2.36894350681562     
   2.69356459555524     
   2.20000362396240     
   2.18359182137609     
   2.34397370851652     
   2.72885418471882     
   2.65000271797180     
   2.86004598618757     
   3.11481850152657     
   3.28317220429834     
   2.65000271797180     
   2.86987579645499     
   3.09472118831529     
   3.25141598740619     
   2.65000271797180     
   2.86607273933476     
   3.10741667444081     
   3.22358308138484     
   2.65000271797180     
   2.86972704448860     
   3.11502489040411     
   3.22456673742863     
   2.65000271797180     
   2.86607271682536     
   3.10741662673017     
   3.22358306601594     
   2.65000271797180     
   2.86987577801303     
   3.09472113244951     
   3.25141596582073     
   2.65000271797180     
   2.86004593703365     
   3.11481842308590     
   3.28317217575949     
   3.10000205039980     
   3.52134260212789     
   3.81840548912564     
   3.81287005131682     
   3.10000205039980     
   3.50391676974893     
   3.76494805673724     
   3.77846351758707     
   3.10000205039980     
   3.50531679179365     
   3.77996639792713     
   3.74028216125867     
   3.10000205039980     
   3.51062864993056     
   3.79790885376592     
   3.73509301935460     
   3.10000205039980     
   3.50531677464878     
   3.77996636962941     
   3.74028216306807     
   3.10000205039980     
   3.50391673324718     
   3.76494806917223     
   3.77846351441443     
   3.10000205039980     
   3.52134259074103     
   3.81840545449414     
   3.81287003085737     
   3.55000090599060     
   4.13083386550863     
   4.42297662787013     
   4.29748014635635     
   3.55000090599060     
   4.08381257040692     
   4.34734843499443     
   4.25722151746673     
   3.55000090599060     
   4.08876817412742     
   4.35408127639256     
   4.23815836896274     
   3.55000066757200     
   4.09657704269518     
   4.37340023895225     
   4.23809983990137     
   3.55000090599060     
   4.08876815244393     
   4.35408129621013     
   4.23815835580699     
   3.55000090599060     
   4.08381258199125     
   4.34734846580168     
   4.25722150657150     
   3.55000090599060     
   4.13083382049656     
   4.42297658909344     
   4.29748015175250     
   4.00000000000000     
   4.66853301572304     
   4.92355750846167     
   4.69379433883085     
   4.00000000000000     
   4.59144810119011     
   4.83762369070355     
   4.64468651482052     
   4.00000000000000     
   4.59229517988706     
   4.83408832942045     
   4.64232401107538     
   4.00000000000000     
   4.60112001217416     
   4.84817601470526     
   4.64183353515978     
   4.00000000000000     
   4.59229519317789     
   4.83408831897697     
   4.64232405711172     
   4.00000000000000     
   4.59144812263981     
   4.83762372362179     
   4.64468655286908     
   4.00000000000000     
   4.66853303610572     
   4.92355749984751     
   4.69379453686508     
   4.44999933242800     
   5.14781488042990     
   5.33117504585927     
   5.07865256992589     
   4.44999933242800     
   5.04631523889958     
   5.24428894171749     
   5.01681544788435     
   4.44999933242800     
   5.04311597796702     
   5.23020596215613     
   5.01257117520552     
   4.44999885559080     
   5.04931021118556     
   5.23476683866480     
   5.00804579282475     
   4.44999933242800     
   5.04311598972488     
   5.23020597134142     
   5.01257123308338     
   4.44999933242800     
   5.04631527025275     
   5.24428898870607     
   5.01681551897562     
   4.44999933242800     
   5.14781489133335     
   5.33117510706997     
   5.07865270750899     
   4.89999818801880     
   5.57409273378256     
   5.70035442851250     
   5.51945917072536     
   4.89999818801880     
   5.46779846300715     
   5.62124181677693     
   5.44890885019327     
   4.89999818801880     
   5.45946241796820     
   5.59842101155379     
   5.43442895041226     
   4.89999818801880     
   5.46274006026190     
   5.59530646618596     
   5.43055177469362     
   4.89999818801880     
   5.45946242703917     
   5.59842103353584     
   5.43442897732365     
   4.89999818801880     
   5.46779849602307     
   5.62124187437643     
   5.44890891044559     
   4.89999818801880     
   5.57409276358041     
   5.70035449931377     
   5.51945921933019     
   5.34999752044680     
   5.96176274705174     
   6.07262421631890     
   5.97990170820364     
   5.34999752044680     
   5.86652456164435     
   6.00635398270813     
   5.91340918348761     
   5.34999752044680     
   5.85197799896350     
   5.97952699759304     
   5.88944268791089     
   5.34999752044680     
   5.85252703178154     
   5.97208441294245     
   5.88515143146480     
   5.34999752044680     
   5.85197801036051     
   5.97952702594640     
   5.88944271018781     
   5.34999752044680     
   5.86652461028319     
   6.00635404776394     
   5.91340923768134     
   5.34999752044680     
   5.96176279471961     
   6.07262427544004     
   5.97990175535657     
   5.79999685287480     
   6.33370929155292     
   6.45739661013831     
   6.43868684616074     
   5.79999685287480     
   6.25759298367561     
   6.40477557658691     
   6.38345535553364     
   5.79999685287480     
   6.23875443440617     
   6.37822322236147     
   6.35481442171831     
   5.79999685287480     
   6.23665788308260     
   6.36917171039780     
   6.34851624505217     
   5.79999685287480     
   6.23875444858785     
   6.37822324715326     
   6.35481444279721     
   5.79999685287480     
   6.25759303493946     
   6.40477563891582     
   6.38345540774785     
   5.79999685287480     
   6.33370933441925     
   6.45739665263960     
   6.43868688514828     
   6.24999570846560     
   6.70606050698913     
   6.85416644584906     
   6.89413633109422     
   6.24999570846560     
   6.65083733473360     
   6.81384820608324     
   6.85126159470643     
   6.24999570846560     
   6.63087835374139     
   6.78952522857044     
   6.82249584114048     
   6.24999523162840     
   6.62683802063263     
   6.78060724908887     
   6.81495948846832     
   6.24999570846560     
   6.63087836709528     
   6.78952524368369     
   6.82249585592770     
   6.24999570846560     
   6.65083736614738     
   6.81384824269946     
   6.85126162253424     
   6.24999570846560     
   6.70606053547870     
   6.85416648032371     
   6.89413636528785     
   6.69999504089360     
   7.08839074852301     
   7.26203568372287     
   7.34728278046042     
   6.69999504089360     
   7.05152465720141     
   7.23187640697509     
   7.31495764988035     
   6.69999504089360     
   7.03292735350106     
   7.21061624033149     
   7.28882868764076     
   6.69999504089360     
   7.02801774174203     
   7.20244769562876     
   7.28106483646523     
   6.69999504089360     
   7.03292736536947     
   7.21061625381901     
   7.28882870009181     
   6.69999504089360     
   7.05152468482525     
   7.23187644000279     
   7.31495767910279     
   6.69999504089360     
   7.08839077615819     
   7.26203571462089     
   7.34728280927133     
   7.14999389648440     
   7.48566846858755     
   7.68193548976902     
   7.79862066386710     
   7.14999389648440     
   7.46324941328436     
   7.65858978994179     
   7.77369408856204     
   7.14999389648440     
   7.44732778868612     
   7.64044644906145     
   7.75156328741346     
   7.14999389648440     
   7.44233895812257     
   7.63375612493913     
   7.74400198408026     
   7.14999389648440     
   7.44732779517771     
   7.64044645765721     
   7.75156329549976     
   7.14999389648440     
   7.46324942840366     
   7.65858980647235     
   7.77369410307188     
   7.14999389648440     
   7.48566848845689     
   7.68193551967312     
   7.79862069297136     
   7.59999322891240     
   7.90041218728977     
   8.11370342691549     
   8.24964533258806     
   7.59999322891240     
   7.88880535789797     
   8.09277111539645     
   8.23068612873267     
   7.59999322891240     
   7.87578751219850     
   8.07910930134965     
   8.21139070754379     
   7.59999370574950     
   7.87212387866190     
   8.07340216059341     
   8.20415310898634     
   7.59999322891240     
   7.87578752328030     
   8.07910931616097     
   8.21139072478805     
   7.59999275207520     
   7.88880445868191     
   8.09277021342547     
   8.23068568661153     
   7.59999322891240     
   7.90041220818526     
   8.11370345460064     
   8.24964536140028     
   8.04999256134030     
   8.33582315944324     
   8.55885870710107     
   8.69069931548898     
   8.04999256134030     
   8.33255922814114     
   8.53840163211507     
   8.67407337368113     
   8.04999256134030     
   8.32430425038883     
   8.53002545128840     
   8.65361050290032     
   8.04999160766600     
   8.32166571122497     
   8.52532960278811     
   8.64743621772745     
   8.04999256134030     
   8.32430425810115     
   8.53002546165180     
   8.65361051576596     
   8.04999256134030     
   8.33255924096150     
   8.53840165337822     
   8.67407339905707     
   8.04999256134030     
   8.33582317744246     
   8.55885873233765     
   8.69069934478183     
   8.49999046325680     
   8.80482096482045     
   8.97452611239421     
   9.15697988232555     
   8.49999046325680     
   8.80917048721650     
   8.95484443790968     
   9.14079173141448     
   8.49999046325680     
   8.80870830226507     
   8.94992223270511     
   9.11812422444635     
   8.49999046325680     
   8.80620607759671     
   8.94710676244716     
   9.11396345248720     
   8.49999046325680     
   8.80870830822131     
   8.94992224057148     
   9.11812423831060     
   8.49999046325680     
   8.80917049692063     
   8.95484445662252     
   9.14079175955399     
   8.49999046325680     
   8.80482097819947     
   8.97452613959805     
   9.15697990905853     
