  -1.10000014305110     
 -6.000015512108800E-002
  0.979999780654910     
   2.01999998092650     
   3.05999994277950     
   4.09999990463260     
  -1.10000014305110     
 -6.000013649463700E-002
  0.979999840259550     
   2.01999998092650     
   3.05999994277950     
   4.09999990463260     
  -1.10000002384190     
 -6.000011414289500E-002
  0.979999840259550     
   2.01999998092650     
   3.05999994277950     
   4.09999990463260     
  -1.10000002384190     
 -6.000008806586300E-002
  0.979999899864200     
   2.01999998092650     
   3.05999994277950     
   4.09999990463260     
  -1.10000002384190     
 -6.000006198883100E-002
  0.979999899864200     
   2.01999998092650     
   3.05999994277950     
   4.09999990463260     
  -1.10000002384190     
 -6.000003591179800E-002
  0.979999899864200     
   2.01999998092650     
   3.05999994277950     
   4.09999990463260     
  -1.10000002384190     
 -6.000000983476600E-002
  0.979999959468840     
   2.01999998092650     
   3.05999994277950     
   4.09999990463260     
  -1.09999990463260     
 -5.999998748302500E-002
  0.979999959468840     
   2.01999998092650     
   3.05999994277950     
   4.09999990463260     
  -1.09999990463260     
 -5.999996885657300E-002
  0.980000019073490     
   2.01999998092650     
   3.05999994277950     
   4.09999990463260     
  -1.10000637529199     
 -6.000329542821574E-002
  0.979997829412871     
   2.02000193218339     
   3.06000307563054     
   4.10000613691281     
  -1.10001526657189     
 -6.003416183177248E-002
  0.979985395594325     
   2.02001442557884     
   3.06003396439165     
   4.10001502818567     
  -1.10003779788493     
 -6.005051124761045E-002
  0.979974517421770     
   2.02002530379989     
   3.06005033615781     
   4.10003767868622     
  -1.10005670070704     
 -6.005882530285033E-002
  0.979962121138528     
   2.02003775965329     
   3.06005867628589     
   4.10005658151453     
  -1.10006142126545     
 -6.004845619874798E-002
  0.979961568153061     
   2.02003831264050     
   3.06004833698619     
   4.10006130206356     
  -1.10003167632005     
 -6.002452459445071E-002
  0.979985367864711     
   2.02001451292919     
   3.06002443517783     
   4.10003155712720     
  -1.10000066629282     
 -6.000956677736678E-002
  0.979993140406256     
   2.02000679998176     
   3.06000950344685     
   4.10000054707538     
  -1.09999543076633     
 -5.999921993736950E-002
  0.979998472289083     
   2.02000146810136     
   3.05999917895610     
   4.09999543076371     
  -1.10000015353904     
 -5.999981021878884E-002
  0.979999901279804     
   2.02000009871968     
   3.05999979159383     
   4.10000015353734     
 -0.499990791082380     
 -0.603814925010337     
 -0.537652500546725     
 -0.580103707624120     
  0.166672796010970     
  0.104182682443560     
  6.723773498098935E-002
  0.106707525369019     
  0.833336353302000     
  0.793819928622777     
  0.772673634530503     
  0.775073122708751     
   1.49999988079070     
   1.49999989399307     
   1.49999989048229     
   1.49999986656606     
   2.16666364669800     
   2.20618011525655     
   2.22732639696943     
   2.22492687650954     
   2.83332729339600     
   2.89581744073191     
   2.93276237287516     
   2.89329255009449     
   3.49999070167540     
   3.60381485241411     
   3.53765242441511     
   3.58010360582582     
 -0.499990791082380     
 -0.704171001566057     
 -0.621737332993701     
 -0.660748570343327     
  0.166672796010970     
  4.563324550357162E-002
  7.795684498513117E-003
  4.320217923533429E-002
  0.833336353302000     
  0.769307322380464     
  0.751711993190181     
  0.744476334014470     
   1.49999988079070     
   1.49999989221881     
   1.49999988530695     
   1.49999987355744     
   2.16666364669800     
   2.23069271053157     
   2.24828804728555     
   2.25552366193653     
   2.83332729339600     
   2.95436688763189     
   2.99220442483021     
   2.95679791083960     
   3.49999070167540     
   3.70417091643553     
   3.62173725306266     
   3.66074845683172     
 -0.499990791082380     
 -0.830990004498350     
 -0.755378413024227     
 -0.766250062823304     
  0.166672796010970     
 -4.071305407792641E-002
 -9.926926333332908E-002
 -3.362597490226665E-002
  0.833336353302000     
  0.726260292704505     
  0.707233676863748     
  0.700608160991964     
   1.49999988079070     
   1.49999988039651     
   1.49999988826137     
   1.49999986422521     
   2.16666364669800     
   2.27373975557552     
   2.29276636814807     
   2.29939186855355     
   2.83332729339600     
   3.04071318504219     
   3.09926938718006     
   3.03362606550234     
   3.49999070167540     
   3.83098993023309     
   3.75537831913678     
   3.76624995450566     
 -0.499990791082380     
 -0.970027255070485     
 -0.905307070098371     
 -0.916265313032454     
  0.166672751307490     
 -0.150459773926967     
 -0.225713398075739     
 -0.109208502417160     
  0.833336293697360     
  0.674723262948097     
  0.650519171335405     
  0.670343869757655     
   1.49999976158140     
   1.49999973023273     
   1.49999973222256     
   1.49999973475973     
   2.16666340827940     
   2.32527641482040     
   2.34948050134137     
   2.32965579338422     
   2.83332705497740     
   3.15045957369320     
   3.22571319269056     
   3.10920830529719     
   3.49999070167540     
   3.97002716624316     
   3.90530698393105     
   3.91626519597357     
 -0.499990791082380     
  -1.10242435039074     
  -1.08013824931821     
  -1.01305180210402     
  0.166672796010970     
 -0.265261518923896     
 -0.353192133122916     
 -0.140586077002481     
  0.833336353302000     
  0.622492696115598     
  0.589994106160824     
  0.666816856242401     
   1.49999988079070     
   1.49999987264411     
   1.49999987498231     
   1.49999988029078     
   2.16666364669800     
   2.37750734482664     
   2.41000596394480     
   2.33318316988256     
   2.83332729339600     
   3.26526168795782     
   3.35319227596259     
   3.14058623469337     
   3.49999070167540     
   4.10242424689455     
   4.08013814757474     
   4.01305169843465     
 -0.499990791082380     
  -1.20995843845024     
  -1.24361118729315     
  -1.01203886293709     
  0.166672796010970     
 -0.363433918006964     
 -0.458970525610338     
 -0.122553453179115     
  0.833336353302000     
  0.578240408055041     
  0.535450132405385     
  0.691539252169521     
   1.49999988079070     
   1.49999985791376     
   1.49999986153302     
   1.49999988057409     
   2.16666364669800     
   2.42175964329135     
   2.46454994193684     
   2.30846077255386     
   2.83332729339600     
   3.36343409769763     
   3.45897069455394     
   3.12255359084299     
   3.49999070167540     
   4.20995834710278     
   4.24361106751618     
   4.01203878401007     
 -0.499990791082380     
  -1.27882311310529     
  -1.34212195039173     
 -0.972935478766706     
  0.166672870516780     
 -0.426290306771781     
 -0.519033917981951     
 -9.006419988819692E-002
  0.833336412906650     
  0.549413658062897     
  0.501736543780906     
  0.717511854292002     
   1.50000011920930     
   1.50000019342886     
   1.50000020253129     
   1.50000015925040     
   2.16666388511660     
   2.45058679577450     
   2.49826397365107     
   2.28248850611865     
   2.83332753181460     
   3.42629095398335     
   3.51903453088480     
   3.09006473392634     
   3.49999070167540     
   4.27882300282144     
   4.34212184642428     
   3.97293535729935     
 -0.499990791082380     
  -1.29844326480885     
  -1.33974248527810     
 -0.953841823624559     
  0.166672796010970     
 -0.443770121022739     
 -0.523599172938660     
 -7.350090726072120E-002
  0.833336353302000     
  0.542079237975921     
  0.500348021101078     
  0.721257479286341     
   1.49999988079070     
   1.49999983915827     
   1.49999984549596     
   1.49999985609898     
   2.16666364669800     
   2.45792080425840     
   2.49965200487647     
   2.27874253605250     
   2.83332729339600     
   3.44377031646648     
   3.52359935902780     
   3.07350100451482     
   3.49999070167540     
   4.29844318983913     
   4.33974239599467     
   3.95384172420333     
 -0.499990791082380     
  -1.26341332138116     
  -1.25488360049167     
 -0.944270298198529     
  0.166672870516780     
 -0.411917260607654     
 -0.474709202261743     
 -7.084189306048772E-002
  0.833336412906650     
  0.557676183129171     
  0.528054684663986     
  0.710176195444379     
   1.50000000000000     
   1.50000000630009     
   1.49999999155444     
   1.49999998884581     
   2.16666388511660     
   2.44232425888486     
   2.47194578847008     
   2.28982413122947     
   2.83332753181460     
   3.41191788424156     
   3.47470980042446     
   3.07084234953154     
   3.49999070167540     
   4.26341323655243     
   4.25488352476134     
   3.94427018334459     
 -0.499990791082380     
  -1.18185688979133     
  -1.12321720912752     
 -0.922473638208928     
  0.166672796010970     
 -0.335766828629550     
 -0.386987764309846     
 -7.076330605938699E-002
  0.833336353302000     
  0.592038983396711     
  0.574095799287988     
  0.696382360339645     
   1.49999988079070     
   1.49999984632095     
   1.49999982964697     
   1.49999986612592     
   2.16666364669800     
   2.40796101078323     
   2.42590422091311     
   2.30361762311426     
   2.83332729339600     
   3.33576701072644     
   3.38698790336165     
   3.07076340958243     
   3.49999070167540     
   4.18185680206273     
   4.12321714960941     
   3.92247350824400     
 -0.499990791082380     
  -1.07418892657460     
 -0.974166290356336     
 -0.873973420047537     
  0.166672796010970     
 -0.233654625062161     
 -0.277223115793556     
 -7.340674152476437E-002
  0.833336353302000     
  0.637204011603708     
  0.629519756908369     
  0.681236281125984     
   1.49999988079070     
   1.49999983674685     
   1.49999984977462     
   1.49999986526959     
   2.16666364669800     
   2.36279599550532     
   2.37048024116849     
   2.31876374472616     
   2.83332729339600     
   3.23365476970274     
   3.27722323399044     
   3.07340683145228     
   3.49999070167540     
   4.07418887113771     
   3.97416621139428     
   3.87397336602522     
 -0.499990791082380     
 -0.959010759567661     
 -0.838787334325623     
 -0.778477247362981     
  0.166672796010970     
 -0.128941779695558     
 -0.165184243254394     
 -4.211621833900653E-002
  0.833336353302000     
  0.684803736948483     
  0.682072249913379     
  0.690219374757874     
   1.49999988079070     
   1.49999984960053     
   1.49999985291515     
   1.49999985761923     
   2.16666364669800     
   2.31519625615463     
   2.31792774685684     
   2.30978064481027     
   2.83332729339600     
   3.12894191456010     
   3.16518434870367     
   3.04211631652952     
   3.49999070167540     
   3.95901067916641     
   3.83878725873871     
   3.77847721951147     
 -0.499990791082380     
 -0.846877163678753     
 -0.734909106316367     
 -0.686707238879145     
  0.166672825813290     
 -3.801330998521915E-002
 -6.902151387025918E-002
  2.486233791800441E-002
  0.833336353302000     
  0.727954014101620     
  0.725669849184269     
  0.726003061555257     
   1.50000000000000     
   1.49999999231709     
   1.49999999685925     
   1.50000000079204     
   2.16666364669800     
   2.27204598221728     
   2.27433013997193     
   2.27399694504678     
   2.83332729339600     
   3.03801345289775     
   3.06902164675180     
   2.97513780035951     
   3.49999070167540     
   3.84687709443341     
   3.73490901826076     
   3.68670717135726     
 -0.499990791082380     
 -0.750250062752160     
 -0.661712599077541     
 -0.619755342962325     
  0.166672810912130     
  3.183852374683767E-002
  7.069797509237002E-003
  8.192618334416384E-002
  0.833336412906650     
  0.762607504561402     
  0.760771138786839     
  0.763043952870031     
   1.50000000000000     
   1.49999999192510     
   1.49999999292406     
   1.49999999807497     
   2.16666388511660     
   2.23739281461371     
   2.23922918500591     
   2.23695636598276     
   2.83332753181460     
   2.96816185711431     
   2.99293056389073     
   2.91807416081400     
   3.49999070167540     
   3.75024998761820     
   3.66171249518510     
   3.61975526302995     
 -0.499990791082380     
 -0.675964163447686     
 -0.611086053104065     
 -0.570734514765383     
  0.166672870516780     
  7.986445514361591E-002
  6.241797030547107E-002
  0.120117861455407     
  0.833336412906650     
  0.788124448155242     
  0.786339264456630     
  0.792195444994913     
   1.50000011920930     
   1.50000012024380     
   1.50000011873211     
   1.50000012269783     
   2.16666388511660     
   2.21187585210825     
   2.21366104281091     
   2.20780484822065     
   2.83332753181460     
   2.92013597959868     
   2.93758243912052     
   2.87988253497154     
   3.49999070167540     
   3.67596406785535     
   3.61108594470674     
   3.57073441139687     
 -0.499990791082380     
 -0.623510864143165     
 -0.576143024208869     
 -0.539129470834377     
  0.166672796010970     
  0.109746341332898     
  9.949668491228551E-002
  0.144141766054397     
  0.833336353302000     
  0.804758879560284     
  0.803550147826231     
  0.811397902164676     
   1.49999988079070     
   1.49999986705898     
   1.49999986530043     
   1.49999986586801     
   2.16666364669800     
   2.19524110423429     
   2.19644983205978     
   2.18860207656944     
   2.83332729339600     
   2.89025374540740     
   2.90050338985252     
   2.85585830242734     
   3.49999070167540     
   3.62351076456931     
   3.57614291736591     
   3.53912935998290     
 -0.499990791082380     
 -0.589461942438721     
 -0.553022099406258     
 -0.518814210054996     
  0.166672825813290     
  0.126425514365310     
  0.122560334899039     
  0.157773828011393     
  0.833336353302000     
  0.814158925253065     
  0.814221482656369     
  0.822909565949908     
   1.49999988079070     
   1.49999986837424     
   1.49999986538459     
   1.49999986543207     
   2.16666364669800     
   2.18584105953272     
   2.18577849549248     
   2.17709040700374     
   2.83332729339600     
   2.87357460090178     
   2.87743976599334     
   2.84222626354548     
   3.49999070167540     
   3.58946184266493     
   3.55302198857127     
   3.51881409295322     
 -0.499990791082380     
 -0.570444306942599     
 -0.536867389144157     
 -0.507306510890275     
  0.166672751307490     
  0.134204365260140     
  0.135770935064838     
  0.165842514567014     
  0.833336353302000     
  0.818441202469312     
  0.820618708695515     
  0.829191631646223     
   1.49999988079070     
   1.49999987003379     
   1.49999986551889     
   1.49999986389293     
   2.16666340827940     
   2.18155853792614     
   2.17938102209959     
   2.17080809782807     
   2.83332705497740     
   2.86579542150096     
   2.86422884303933     
   2.83415725944674     
   3.49999070167540     
   3.57044420713322     
   3.53686727613607     
   3.50730638876126     
 -0.499990791082380     
 -0.562496351208489     
 -0.525662699516380     
 -0.496857753033304     
  0.166672840714450     
  0.135446503931716     
  0.145095228763087     
  0.171007731847517     
  0.833336353302000     
  0.820073431770947     
  0.824415772755956     
  0.832670463528270     
   1.50000000000000     
   1.49999999168409     
   1.49999998590265     
   1.49999998311212     
   2.16666388511660     
   2.17992679630869     
   2.17558444095246     
   2.16732973753106     
   2.83332753181460     
   2.86455387043634     
   2.85490513921690     
   2.82899260751106     
   3.49999070167540     
   3.56249624582427     
   3.52566258262572     
   3.49685762247599     
 -0.499990791082380     
 -0.568580348662494     
 -0.501495041708773     
 -0.499269695599484     
  0.166672766208650     
  0.134268088647860     
  0.153822768420856     
  0.175802466854375     
  0.833336353302000     
  0.820739696462083     
  0.826980201037795     
  0.835834245546272     
   1.49999988079070     
   1.49999987005093     
   1.49999986336921     
   1.49999986162965     
   2.16666364669800     
   2.17926028600633     
   2.17301976826167     
   2.16416571285004     
   2.83332729339600     
   2.86573196118629     
   2.84617725771062     
   2.82419755171678     
   3.49999070167540     
   3.56858023841254     
   3.50149491986605     
   3.49926956521225     
 -0.499990791082380     
 -0.575011531989939     
 -0.477904867872235     
 -0.500775742159583     
  0.166672796010970     
  0.133504121360448     
  0.161792093370669     
  0.185432041107676     
  0.833336353302000     
  0.821849248222716     
  0.829491568139139     
  0.842307938554542     
   1.49999988079070     
   1.49999986826751     
   1.49999986154452     
   1.49999985877342     
   2.16666364669800     
   2.17815073331930     
   2.17050839664356     
   2.15769201209218     
   2.83332729339600     
   2.86649595537494     
   2.83820795498032     
   2.81456800438881     
   3.49999070167540     
   3.57501142315284     
   3.47790473868849     
   3.50077560915443     
