  0.800194835662801     
  0.800194835662801     
  0.800194835662801     
  0.800194835662801     
  0.800194835662801     
  0.800194835662801     
  0.378610706329300     
  0.378610706329300     
  0.378610706329300     
  0.378610706329300     
  0.378610706329300     
  0.378610706329300     
  6.233820915220001E-002
  6.233820915220001E-002
  6.233820915220001E-002
  6.233820915220001E-002
  6.233820915220001E-002
  6.233820915220001E-002
 -0.133628749847400     
 -0.133628749847400     
 -0.133628749847400     
 -0.133628749847400     
 -0.133628749847400     
 -0.133628749847400     
 -0.199999952316300     
 -0.199999952316300     
 -0.199999952316300     
 -0.199999952316300     
 -0.199999952316300     
 -0.199999952316300     
 -0.133628749847400     
 -0.133628749847400     
 -0.133628749847400     
 -0.133628749847400     
 -0.133628749847400     
 -0.133628749847400     
  6.233820915220001E-002
  6.233820915220001E-002
  6.233820915220001E-002
  6.233820915220001E-002
  6.233820915220001E-002
  6.233820915220001E-002
  0.378610706329300     
  0.378610706329300     
  0.378610706329300     
  0.378610706329300     
  0.378610706329300     
  0.378610706329300     
  0.800194597244301     
  0.800194597244301     
  0.800194597244301     
  0.800194597244301     
  0.800194597244301     
  0.800194597244301     
  0.671628273620499     
  0.671612952177793     
  0.671616056141109     
  0.671616056210066     
  0.671612952200489     
  0.671628273697817     
  0.219984231932387     
  0.220021164774474     
  0.220038335850552     
  0.220038335782013     
  0.220021164729096     
  0.219984231959384     
 -0.118824897068136     
 -0.118803104360476     
 -0.118774003371987     
 -0.118774003235212     
 -0.118803104348085     
 -0.118824897034420     
 -0.328729986330352     
 -0.328739103633836     
 -0.328705029855793     
 -0.328705029872314     
 -0.328739103678405     
 -0.328729986282353     
 -0.399815729175922     
 -0.399834707414405     
 -0.399787583665154     
 -0.399787583658262     
 -0.399834707421963     
 -0.399815729164919     
 -0.328747137614745     
 -0.328734348685492     
 -0.328684015233182     
 -0.328684015186957     
 -0.328734348729060     
 -0.328747137575446     
 -0.118853193939352     
 -0.118777451735230     
 -0.118762900854278     
 -0.118762900895755     
 -0.118777451715704     
 -0.118853193952109     
  0.219951106183279     
  0.219996347042726     
  0.219995948536106     
  0.219995948522795     
  0.219996347047577     
  0.219951106171292     
  0.671633434128216     
  0.671632856184059     
  0.671633726471214     
  0.671633726473121     
  0.671632856181670     
  0.671633434132697     
  -2.00000000000000     
  -1.22191009627704     
 -3.404898331413378E-003
  0.959650337808687     
  -2.00000000000000     
  -1.12659551583497     
 -2.331545594090811E-002
  0.918735478852736     
  -2.00000000000000     
  -1.10454247595911     
  2.730624058872970E-003
  0.893509998159605     
  -2.00000000000000     
  -1.09676171643394     
  7.029153643380602E-003
  0.897346003506600     
  -2.00000000000000     
  -1.10454246426590     
  2.730638140552927E-003
  0.893510026914498     
  -2.00000000000000     
  -1.12659550473364     
 -2.331542670759574E-002
  0.918735530352637     
  -2.00000000000000     
  -1.22191006191025     
 -3.404860808318548E-003
  0.959650396708257     
  -2.00000000000000     
  -1.11592638882336     
 -0.140891110419052     
  0.755568764281722     
  -2.00000000000000     
  -1.03585505729822     
 -0.160969099261397     
  0.699660640690802     
  -2.00000000000000     
  -1.03576557803194     
 -0.129418201300732     
  0.673292604042812     
  -2.00000000000000     
  -1.02509832350369     
 -0.128663536134577     
  0.684872959862254     
  -2.00000000000000     
  -1.03576557073890     
 -0.129418181324682     
  0.673292641777399     
  -2.00000000000000     
  -1.03585505255855     
 -0.160969065485103     
  0.699660722803589     
  -2.00000000000000     
  -1.11592637191268     
 -0.140891061435078     
  0.755568841364517     
  -2.00000000000000     
  -1.17972989283098     
 -0.260436447265653     
  0.477596658002368     
  -2.00000000000000     
  -1.06682852996477     
 -0.279089222446163     
  0.409870483557577     
  -2.00000000000000     
  -1.08398180820252     
 -0.237474734180821     
  0.388477249779179     
  -2.00000000000000     
  -1.06431383098589     
 -0.243233375549589     
  0.394674298705793     
  -2.00000000000000     
  -1.08398179955863     
 -0.237474708664364     
  0.388477328954809     
  -2.00000000000000     
  -1.06682852458180     
 -0.279089179280512     
  0.409870583721421     
  -2.00000000000000     
  -1.17972988309532     
 -0.260436391365422     
  0.477596799328600     
  -2.00000000000000     
  -1.27352912782537     
 -0.429418373802733     
  0.110641462836257     
  -2.00000000000000     
  -1.11097746825659     
 -0.449205767994586     
  5.553006248247427E-002
  -2.00000000000000     
  -1.14288620647912     
 -0.405560186430268     
  4.275628690361100E-002
  -2.00000000000000     
  -1.11818583753400     
 -0.413982394729045     
  2.993235456771637E-002
  -2.00000000000000     
  -1.14288619523985     
 -0.405560140111196     
  4.275637450446279E-002
  -2.00000000000000     
  -1.11097744765247     
 -0.449205703297068     
  5.553015547562423E-002
  -2.00000000000000     
  -1.27352908727717     
 -0.429418322616978     
  0.110641599871676     
  -2.00000000000000     
  -1.38020076630027     
 -0.633649518937393     
 -0.205989608773596     
  -2.00000000000000     
  -1.17650895689114     
 -0.656718517311149     
 -0.227623560363638     
  -2.00000000000000     
  -1.22222256169478     
 -0.618194219265280     
 -0.228811939014496     
  -2.00000000000000     
  -1.19161070895626     
 -0.637791726917815     
 -0.251535728519456     
  -2.00000000000000     
  -1.22222254677005     
 -0.618194177037984     
 -0.228811894641971     
  -2.00000000000000     
  -1.17650894775118     
 -0.656718465793930     
 -0.227623519336380     
  -2.00000000000000     
  -1.38020077501433     
 -0.633649446072835     
 -0.205989499129191     
  -2.00000000000000     
  -1.47138977488924     
 -0.823799467743878     
 -0.367511966602434     
  -2.00000000000000     
  -1.24951179566767     
 -0.836517858967928     
 -0.369287864369438     
  -2.00000000000000     
  -1.31152035822995     
 -0.799241896396219     
 -0.358228548574137     
  -2.00000000000000     
  -1.27269632262661     
 -0.838798651002290     
 -0.385613550684893     
  -2.00000000000000     
  -1.31152034204274     
 -0.799241887850189     
 -0.358228555249863     
  -2.00000000000000     
  -1.24951179245629     
 -0.836517837577465     
 -0.369287836229818     
  -2.00000000000000     
  -1.47138980045659     
 -0.823799407161397     
 -0.367511937458510     
  -2.00000000000000     
  -1.52588413740833     
 -0.931161937492238     
 -0.388529896353555     
  -2.00000000000000     
  -1.29666848038006     
 -0.929140757298449     
 -0.401144753393607     
  -2.00000000000000     
  -1.36670581473814     
 -0.893642150795844     
 -0.379642859657021     
  -2.00000000000000     
  -1.32413084478301     
 -0.946964223438439     
 -0.410472131591040     
  -2.00000000000000     
  -1.36670581448674     
 -0.893642130851592     
 -0.379642843299741     
  -2.00000000000000     
  -1.29666852234608     
 -0.929140801748652     
 -0.401144779354053     
  -2.00000000000000     
  -1.52588425609521     
 -0.931161884194856     
 -0.388529894584860     
  -2.00000000000000     
  -1.53976710879225     
 -0.898328851480588     
 -0.299485423627581     
  -2.00000000000000     
  -1.29657330096100     
 -0.896659745732144     
 -0.316213536307078     
  -2.00000000000000     
  -1.36407456063776     
 -0.856271417785893     
 -0.303429181336457     
  -2.00000000000000     
  -1.32353391848777     
 -0.906173820159631     
 -0.334271400854198     
  -2.00000000000000     
  -1.36407457403783     
 -0.856271447744319     
 -0.303429186498673     
  -2.00000000000000     
  -1.29657333580003     
 -0.896659818533024     
 -0.316213598926715     
  -2.00000000000000     
  -1.53976715539452     
 -0.898328882533894     
 -0.299485486439954     
  -2.00000000000000     
  -1.50168198194035     
 -0.749515804388130     
 -0.107387659458065     
  -2.00000000000000     
  -1.24321129096887     
 -0.753608339183170     
 -0.129384708421943     
  -2.00000000000000     
  -1.30310195078379     
 -0.699409162523765     
 -0.130814444999322     
  -2.00000000000000     
  -1.26440782025772     
 -0.736259319230865     
 -0.154264326122434     
  -2.00000000000000     
  -1.30310195128809     
 -0.699409227476711     
 -0.130814584070237     
  -2.00000000000000     
  -1.24321137356847     
 -0.753608451307002     
 -0.129384820440527     
  -2.00000000000000     
  -1.50168212203808     
 -0.749515830055588     
 -0.107387790899335     
  -2.00000000000000     
  -1.41503702016874     
 -0.537395078035848     
  0.165301254872030     
  -2.00000000000000     
  -1.15599026484338     
 -0.549402503463536     
  0.135713544305176     
  -2.00000000000000     
  -1.20532888826907     
 -0.484717927187093     
  0.124070815825350     
  -2.00000000000000     
  -1.16734046631520     
 -0.507508473721880     
  0.111960555112023     
  -2.00000000000000     
  -1.20532892015926     
 -0.484717949059268     
  0.124070799625108     
  -2.00000000000000     
  -1.15599032919307     
 -0.549402580466537     
  0.135713479912417     
  -2.00000000000000     
  -1.41503708067563     
 -0.537395149009968     
  0.165301165369575     
  -2.00000000000000     
  -1.31386758378008     
 -0.307496441542955     
  0.543449543348636     
  -2.00000000000000     
  -1.08145704998326     
 -0.320290499659583     
  0.492442510735118     
  -2.00000000000000     
  -1.12152845853097     
 -0.247990640756629     
  0.485180643284033     
  -2.00000000000000     
  -1.08911141306954     
 -0.259952301721400     
  0.501566355519747     
  -2.00000000000000     
  -1.12152846978704     
 -0.247990680258368     
  0.485180609453546     
  -2.00000000000000     
  -1.08145708841061     
 -0.320290584544410     
  0.492442387813444     
  -2.00000000000000     
  -1.31386762659032     
 -0.307496543815676     
  0.543449250829916     
  -2.00000000000000     
  -1.20833053535020     
 -0.121533581689763     
  0.847547485339275     
  -2.00000000000000     
  -1.02469381619003     
 -0.133623297942975     
  0.790436787194954     
  -2.00000000000000     
  -1.05391194068356     
 -6.754432909354693E-002
  0.793908139759547     
  -2.00000000000000     
  -1.02955041551492     
 -7.401760353547319E-002
  0.826930091924981     
  -2.00000000000000     
  -1.05391194563517     
 -6.754436733982594E-002
  0.793908097684862     
  -2.00000000000000     
  -1.02469384832133     
 -0.133623371485416     
  0.790436724310904     
  -2.00000000000000     
  -1.20833058077920     
 -0.121533668031070     
  0.847547374939156     
  -2.00000000000000     
  -1.11647787375096     
  1.309275220592618E-003
   1.00236055648055     
  -2.00000000000000     
 -0.982641543920935     
 -1.158443767602849E-002
  0.951360429213768     
  -2.00000000000000     
  -1.00127503682259     
  3.943136725444119E-002
  0.942412297442213     
  -2.00000000000000     
 -0.983974850841197     
  3.686363983733559E-002
  0.966835445322334     
  -2.00000000000000     
  -1.00127504543663     
  3.943134505646709E-002
  0.942412278972094     
  -2.00000000000000     
 -0.982641577424434     
 -1.158448066184313E-002
  0.951360401463798     
  -2.00000000000000     
  -1.11647790771789     
  1.309225885368200E-003
   1.00236050366829     
  -2.00000000000000     
  -1.05209181499981     
  6.703882346382925E-002
   1.08710416649749     
  -2.00000000000000     
 -0.962095036557939     
  5.525943515547949E-002
   1.04452975298262     
  -2.00000000000000     
 -0.972303809072940     
  8.913573841792247E-002
   1.02821882429124     
  -2.00000000000000     
 -0.961414241876984     
  8.813107184685523E-002
   1.04341027083895     
  -2.00000000000000     
 -0.972303814774891     
  8.913571763802576E-002
   1.02821881111530     
  -2.00000000000000     
 -0.962095067354814     
  5.525940825990450E-002
   1.04452975297324     
  -2.00000000000000     
  -1.05209184396003     
  6.703880418673169E-002
   1.08710415564651     
  -2.00000000000000     
  -1.01340008240686     
  9.389166311405459E-002
   1.11815359053671     
  -2.00000000000000     
 -0.956890258207873     
  8.338014727658372E-002
   1.08441568759563     
  -2.00000000000000     
 -0.961913031050304     
  0.103713733633383     
   1.06714407034276     
  -2.00000000000000     
 -0.955536592255602     
  0.103280192387209     
   1.07482715693977     
  -2.00000000000000     
 -0.961913033773105     
  0.103713723393655     
   1.06714406727796     
  -2.00000000000000     
 -0.956890278375264     
  8.338013428446811E-002
   1.08441570090081     
  -2.00000000000000     
  -1.01340009784086     
  9.389165928949236E-002
   1.11815358902603     
  -2.00000000000000     
 -0.994780318901531     
  9.308898475216743E-002
   1.11416175577808     
  -2.00000000000000     
 -0.960331870328870     
  8.351483609838489E-002
   1.08744136082180     
  -2.00000000000000     
 -0.962948274754287     
  9.491678786013313E-002
   1.07238271919011     
  -2.00000000000000     
 -0.959124315003989     
  9.452373828731267E-002
   1.07587327793518     
  -2.00000000000000     
 -0.962948276122172     
  9.491678579574790E-002
   1.07238271978453     
  -2.00000000000000     
 -0.960331875721349     
  8.351483347325404E-002
   1.08744136562279     
  -2.00000000000000     
 -0.994780320535834     
  9.308898349191984E-002
   1.11416175841382     
  -2.00000000000000     
 -0.990720054793923     
  7.335504748636498E-002
   1.08516558072157     
  -2.00000000000000     
 -0.969712282772368     
  6.408674590457318E-002
   1.06392685667947     
  -2.00000000000000     
 -0.971330155317624     
  7.036729899767888E-002
   1.05218918763668     
  -2.00000000000000     
 -0.968949474562578     
  7.010794312407334E-002
   1.05356752727895     
  -2.00000000000000     
 -0.971330155218264     
  7.036729880916477E-002
   1.05218918864868     
  -2.00000000000000     
 -0.969712286095108     
  6.408674760878963E-002
   1.06392686416055     
  -2.00000000000000     
 -0.990720053828186     
  7.335505299914569E-002
   1.08516558814988     
  -2.00000000000000     
 -0.995867752518652     
  3.745974718229292E-002
   1.03904293439565     
  -2.00000000000000     
 -0.983250590165308     
  2.828845887975578E-002
   1.02214036525702     
  -2.00000000000000     
 -0.984509687092442     
  3.233678894445573E-002
   1.01323552564183     
  -2.00000000000000     
 -0.982471779526789     
  3.210206362846180E-002
   1.01394631398982     
  -2.00000000000000     
 -0.984509686213724     
  3.233679179900298E-002
   1.01323552776786     
  -2.00000000000000     
 -0.983250589215532     
  2.828845926550161E-002
   1.02214036640196     
  -2.00000000000000     
 -0.995867748620116     
  3.745975559976494E-002
   1.03904294166560     
  -2.00000000000000     
  -1.01266999426174     
 -1.076220553448308E-002
  0.975645963678308     
  -2.00000000000000     
  -1.00517321630541     
 -1.996527732003875E-002
  0.962358975435291     
  -2.00000000000000     
  -1.00520212337188     
 -1.645241742366119E-002
  0.954989138942262     
  -2.00000000000000     
  -1.00299712074484     
 -1.676629762110535E-002
  0.955987116581712     
  -2.00000000000000     
  -1.00520212353163     
 -1.645241866110840E-002
  0.954989140782335     
  -2.00000000000000     
  -1.00517316954872     
 -1.996514298752340E-002
  0.962359046468840     
  -2.00000000000000     
  -1.01266998743584     
 -1.076219586883750E-002
  0.975645974795367     
  -2.00000000000000     
  -1.03948347483778     
 -8.407720774654606E-002
  0.911238159193439     
  -2.00000000000000     
  -1.03229195212992     
 -9.537246556515809E-002
  0.907574810935442     
  -2.00000000000000     
  -1.02895479064078     
 -9.257204586670423E-002
  0.900671063188124     
  -2.00000000000000     
  -1.02718422251209     
 -9.215344062329860E-002
  0.902388643093368     
  -2.00000000000000     
  -1.02895479064024     
 -9.257204693958589E-002
  0.900671063798008     
  -2.00000000000000     
  -1.03229195405091     
 -9.537245722637425E-002
  0.907574812832273     
  -2.00000000000000     
  -1.03948346772856     
 -8.407720500839537E-002
  0.911238165070530     
  -2.00000000000000     
  -1.14010294801976     
 -0.153968953122730     
  0.833136490306382     
  -2.00000000000000     
  -1.13030873628100     
 -0.164757434084343     
  0.835991755816418     
  -2.00000000000000     
  -1.12539244963679     
 -0.160208313987368     
  0.832877658488969     
  -2.00000000000000     
  -1.12344830854144     
 -0.159129342790013     
  0.835615205609090     
  -2.00000000000000     
  -1.12539245114994     
 -0.160208315463452     
  0.832877657448523     
  -2.00000000000000     
  -1.13030874003443     
 -0.164757434102751     
  0.835991758163349     
  -2.00000000000000     
  -1.14010294527852     
 -0.153968947123760     
  0.833136492439022     
