  0.000000000000000E+000
  0.000000000000000E+000
  0.000000000000000E+000
  0.000000000000000E+000
  0.000000000000000E+000
  0.000000000000000E+000
  0.000000000000000E+000
  0.000000000000000E+000
  0.000000000000000E+000
  0.000000000000000E+000
  0.000000000000000E+000
  0.000000000000000E+000
  0.000000000000000E+000
  0.000000000000000E+000
  0.000000000000000E+000
  0.000000000000000E+000
  0.000000000000000E+000
  0.000000000000000E+000
  0.000000000000000E+000
  0.000000000000000E+000
  0.000000000000000E+000
  0.000000000000000E+000
  0.000000000000000E+000
  0.000000000000000E+000
  0.000000000000000E+000
  0.250749999860364     
  0.250749999951550     
  0.250750000075545     
  0.250750000331918     
  0.250749999605529     
  0.250749999851796     
  0.250749999921402     
  0.250750000251761     
  0.250750000182763     
  0.270810000886272     
  0.250749999810713     
  0.250749999901106     
  0.250750000291313     
  0.250750001190038     
  0.270810000222648     
  0.250749999745518     
  0.250749999887062     
  0.250750000161969     
  0.250750001609414     
  0.230689999717258     
  0.250749999661957     
  0.250749999808503     
  0.250750000261499     
  0.250750000833386     
  0.250750001161600     
  0.501499999774900     
  0.501499999879611     
  0.501500000204761     
  0.501500000560960     
  0.501500000930350     
  0.501499999737056     
  0.501499999863121     
  0.501500000233107     
  0.501500000943831     
  0.521560000813624     
  0.501499999644914     
  0.501499999790105     
  0.501500000338432     
  0.501500001541331     
  0.511530002086764     
  0.501499999513629     
  0.501499999683968     
  0.501500000398340     
  0.501500001690702     
  0.521560003688946     
  0.501499999343479     
  0.501499999529004     
  0.501500000297411     
  0.501500001526469     
  0.501500003274498     
  0.752249999784456     
  0.752249999903731     
  0.752250000316964     
  0.752250000684129     
  0.752250002148413     
  0.752249999730059     
  0.752249999870739     
  0.752250000246328     
  0.752250001297830     
  0.772310000875514     
  0.752249999582371     
  0.752249999747058     
  0.752250000243486     
  0.752250001434199     
  0.742220005010481     
  0.752249999384116     
  0.752249999528158     
  0.752250000325897     
  0.752250001659863     
  0.772310009044122     
  0.752249999154159     
  0.752249999297329     
  0.752250000062767     
  0.752250002600661     
  0.752250005465899     
   1.00299999991718     
   1.00300000008516     
   1.00300000051414     
   1.00300000061496     
   1.00300000258618     
   1.00299999987026     
   1.00299999999771     
   1.00300000052479     
   1.00300000147877     
   1.00300000126476     
   1.00299999969132     
   1.00299999985449     
   1.00300000040616     
   1.00300000195603     
   1.00300000784249     
   1.00299999938116     
   1.00299999963642     
   1.00300000021951     
   1.00300000235098     
   1.00300001104139     
   1.00299999912855     
   1.00299999936230     
   1.00300000001885     
   1.00300000367338     
   1.00300000609048     
  0.000000000000000E+000
  0.000000000000000E+000
  0.000000000000000E+000
  0.000000000000000E+000
  0.000000000000000E+000
  0.000000000000000E+000
  0.000000000000000E+000
  0.000000000000000E+000
  0.000000000000000E+000
  0.000000000000000E+000
  0.000000000000000E+000
  0.000000000000000E+000
  0.000000000000000E+000
  0.000000000000000E+000
  0.000000000000000E+000
  0.000000000000000E+000
  0.334333342530046     
  0.334333342926872     
  0.334333343180267     
  0.334333343384211     
  0.354393342766960     
  0.334333342456025     
  0.334333343228461     
  0.334333343401854     
  0.394513341606144     
  0.334333342123750     
  0.334333343236956     
  0.334333343473412     
  0.334333342145229     
  0.334333342229167     
  0.334333343314458     
  0.334333343590324     
  0.668666685463556     
  0.668666685703475     
  0.668666686384275     
  0.668666686576817     
  0.668666684277578     
  0.668666685578222     
  0.668666686421139     
  0.668666686655491     
  0.608486681182229     
  0.668666685219437     
  0.668666686502087     
  0.668666686825483     
  0.668666680895997     
  0.668666684886634     
  0.668666686662528     
  0.668666687002898     
   1.00299999761290     
   1.00299999865749     
   1.00299999946803     
   1.00299999966683     
   1.00299999689404     
   1.00299999873333     
   1.00299999942928     
   1.00299999979277     
   1.00299999012099     
   1.00299999825009     
   1.00299999976951     
   1.00300000001821     
   1.00299999256897     
   1.00299999790567     
   1.00299999971852     
   1.00300000033680     
