  0.000000000000000E+000
  0.000000000000000E+000
  0.000000000000000E+000
  0.000000000000000E+000
  0.000000000000000E+000
  0.250750000069968     
  0.250750000040430     
  0.250749999713003     
  0.250749999402585     
  0.250750000544492     
  0.501500000089395     
  0.501499999976389     
  0.501499999747923     
  0.501499998097619     
  0.501499999036380     
  0.752249999956914     
  0.752249999828354     
  0.752249999469643     
  0.752249998556459     
  0.752249994304126     
   1.00299999966310     
   1.00299999951273     
   1.00299999891079     
   1.00299999889313     
   1.00299998987649     
  0.000000000000000E+000
  0.000000000000000E+000
  0.000000000000000E+000
  0.000000000000000E+000
  0.000000000000000E+000
  0.250750000068407     
  0.250750000010901     
  0.250749999847383     
  0.250749999408924     
  0.230689999052209     
  0.501500000081045     
  0.501499999993101     
  0.501499999623865     
  0.501499999049128     
  0.521559997195688     
  0.752249999976768     
  0.752249999852309     
  0.752249999390903     
  0.752249998415209     
  0.772309995591866     
   1.00299999972244     
   1.00299999954271     
   1.00299999901546     
   1.00299999756174     
   1.00299999513365     
  0.000000000000000E+000
  0.000000000000000E+000
  0.000000000000000E+000
  0.000000000000000E+000
  0.000000000000000E+000
  0.250750000051501     
  0.250749999967046     
  0.250749999944864     
  0.250749999489466     
  0.230689998463008     
  0.501500000074556     
  0.501499999981552     
  0.501499999538530     
  0.501499999778948     
  0.481439997327540     
  0.752250000035362     
  0.752249999910581     
  0.752249999360175     
  0.752249998117005     
  0.772309998202889     
   1.00299999987314     
   1.00299999969312     
   1.00299999908444     
   1.00299999650265     
   1.00300000048484     
  0.000000000000000E+000
  0.000000000000000E+000
  0.000000000000000E+000
  0.000000000000000E+000
  0.000000000000000E+000
  0.250750000040975     
  0.250749999950107     
  0.250749999721083     
  0.250749999570215     
  0.230689999526662     
  0.501500000094061     
  0.501499999955159     
  0.501499999501830     
  0.501499999020880     
  0.491469998980096     
  0.752250000140262     
  0.752249999971118     
  0.752249999463499     
  0.752249998404941     
  0.732189997354084     
   1.00300000008484     
   1.00299999995827     
   1.00299999937176     
   1.00299999789113     
   1.00299999649932     
  0.000000000000000E+000
  0.000000000000000E+000
  0.000000000000000E+000
  0.000000000000000E+000
  0.000000000000000E+000
  0.250750000100953     
  0.250750000006276     
  0.250749999532912     
  0.250749998971948     
  0.250749999951711     
  0.501500000232034     
  0.501500000040010     
  0.501499999546737     
  0.501499997622839     
  0.501499998173788     
  0.752250000345203     
  0.752250000124596     
  0.752249999567909     
  0.752249998562419     
  0.752249994896453     
   1.00300000032898     
   1.00300000019010     
   1.00299999942930     
   1.00299999957319     
   1.00299999102079     
  0.000000000000000E+000
  0.000000000000000E+000
  0.000000000000000E+000
  0.000000000000000E+000
  0.334333343016305     
  0.334333343878781     
  0.334333343158193     
  0.334333343073600     
  0.668666690331724     
  0.668666687356559     
  0.668666686517147     
  0.668666686302767     
   1.00300000679432     
   1.00300000134771     
   1.00300000014715     
   1.00299999996061     
  0.000000000000000E+000
  0.000000000000000E+000
  0.000000000000000E+000
  0.000000000000000E+000
  0.344363345111695     
  0.334333343505951     
  0.334333343216574     
  0.334333343089312     
  0.708786689280894     
  0.668666687277217     
  0.668666686490766     
  0.668666686306064     
   1.00300000297297     
   1.00300000120633     
   1.00300000020249     
   1.00299999981705     
  0.000000000000000E+000
  0.000000000000000E+000
  0.000000000000000E+000
  0.000000000000000E+000
  0.334333314513086     
  0.334333313670485     
  0.334333313434044     
  0.334333313245213     
  0.688726628382286     
  0.668666627539498     
  0.668666626745925     
  0.668666626490470     
   1.00300000158423     
   1.00300000105269     
   1.00299999992354     
   1.00299999960680     
  0.000000000000000E+000
  0.000000000000000E+000
  0.000000000000000E+000
  0.000000000000000E+000
  0.334333343589951     
  0.334333344266098     
  0.334333343309041     
  0.334333343079361     
  0.668666689863192     
  0.668666687728030     
  0.668666686524420     
  0.668666686112925     
   1.00300000577637     
   1.00300000138386     
   1.00299999968416     
   1.00299999949234     
