  0.000000000000000E+000
  0.247500000088821     
  0.495000000229599     
  0.742500000752843     
  0.989999998152138     
  0.000000000000000E+000
  0.247500000182572     
  0.495000000202041     
  0.742500000368335     
  0.990000003509173     
  0.000000000000000E+000
  0.247500000411873     
  0.495000000536803     
  0.742499999975326     
  0.989999999998403     
  0.000000000000000E+000
  0.247500000736470     
  0.495000001480413     
  0.742500000651352     
  0.989999997158252     
  0.000000000000000E+000
  0.247500001149135     
  0.495000002106426     
  0.742500003400757     
  0.990000007877552     
  0.000000000000000E+000
  0.247500000087393     
  0.495000000166327     
  0.742500000218129     
  0.990000001493693     
  0.000000000000000E+000
  0.247500000151260     
  0.495000000267293     
  0.742500000388110     
  0.989999999422378     
  0.000000000000000E+000
  0.247500000362439     
  0.495000000636416     
  0.742500000574311     
  0.990000000810228     
  0.000000000000000E+000
  0.247500000729349     
  0.495000001303123     
  0.742500001633634     
  0.990000002529169     
  0.000000000000000E+000
  0.247500001115568     
  0.495000002223132     
  0.742500003352660     
  0.990000003664122     
  0.000000000000000E+000
  0.247500000008389     
  0.494999999947621     
  0.742499999949002     
  0.990000002336924     
  0.000000000000000E+000
  0.247500000026112     
  0.495000000220590     
  0.742500000067908     
  0.989999998533573     
  0.000000000000000E+000
  0.247500000182565     
  0.495000000545157     
  0.742500001376103     
  0.990000001187683     
  0.000000000000000E+000
  0.247500000542001     
  0.495000000949841     
  0.742500002436634     
  0.990000005319121     
  0.000000000000000E+000
  0.247500000917871     
  0.495000002125902     
  0.742500002660154     
  0.989999997960749     
  0.000000000000000E+000
  0.247499999776956     
  0.494999999642971     
  0.742499999767268     
  0.990000000214628     
  0.000000000000000E+000
  0.247499999775490     
  0.494999999677238     
  0.742499999830807     
  0.989999999861417     
  0.000000000000000E+000
  0.247499999836609     
  0.494999999754136     
  0.742500000165695     
  0.990000000465367     
  0.000000000000000E+000
  0.247500000050252     
  0.495000000153805     
  0.742500000626337     
  0.990000000239380     
  0.000000000000000E+000
  0.247500000369145     
  0.495000001054768     
  0.742500001532287     
  0.990000000069821     
  0.000000000000000E+000
  0.247499999462540     
  0.494999999265090     
  0.742499999366292     
  0.989999996877330     
  0.000000000000000E+000
  0.247499999455960     
  0.494999998908389     
  0.742499999030778     
  0.990000001359816     
  0.000000000000000E+000
  0.247499999450906     
  0.494999998675107     
  0.742499997091183     
  0.989999996263825     
  0.000000000000000E+000
  0.247499999523172     
  0.494999998952114     
  0.742499996506341     
  0.989999992357381     
  0.000000000000000E+000
  0.247499999862188     
  0.494999999127915     
  0.742499999060199     
  0.990000004605215     
  0.990000001277432     
   1.32000003844272     
   1.65000007841801     
   1.98000000000000     
  0.989999996436448     
   1.32000003917029     
   1.65000007851945     
   1.98000000000000     
  0.990000004149557     
   1.31999992099632     
   1.64999996112515     
   1.98000000000000     
  0.990000000692599     
   1.32000004170480     
   1.65000007969017     
   1.98000000000000     
  0.989999997314753     
   1.32000003885039     
   1.65000007832147     
   1.98000000000000     
  0.990000001650809     
   1.32000003866314     
   1.65000007850915     
   1.98000000000000     
  0.989999997160082     
   1.31999992193884     
   1.65000007890433     
   1.98000000000000     
  0.990000001933676     
   1.32000004084203     
   1.65000007961132     
   1.98000000000000     
  0.989999997747083     
   1.31999992040017     
   1.64999996005026     
   1.98000000000000     
  0.989999999904500     
   1.31999992041289     
   1.64999996009276     
   1.98000000000000     
  0.989999997804092     
   1.31999992135574     
   1.64999996028763     
   1.98000000000000     
  0.990000002647315     
   1.31999992175195     
   1.64999996097505     
   1.98000000000000     
  0.990000000396478     
   1.32000003729984     
   1.65000007761110     
   1.98000000000000     
  0.989999994630082     
   1.32000003751152     
   1.65000007748165     
   1.98000000000000     
  0.989999999593238     
   1.31999991778375     
   1.64999995957616     
   1.98000000000000     
  0.989999993187629     
   1.32000003822061     
   1.65000007790193     
   1.98000000000000     
