Host Sum of Weights  2.105493557336E+01  2.105493557336E+01
      55
      55  6.447780567282E-03
      61  3.403281836396E-03
      62  7.977156827940E-03
      56  1.550891649741E-02
     364  6.298756945943E-06
     368  1.429419263007E-06
     396  1.193656535139E-03
     392  4.039807294301E-03
     424  4.739136473654E-03
     420  1.607369792988E-02
     452  1.676579004539E-03
     448  5.606530315312E-03
      55  3.333713572903E-02  3.333713572903E-02
      56
      55  1.550891649741E-02
      61  7.977156827940E-03
      62  6.913942045645E-02
      56  1.377255178115E-01
      63  1.887022249423E-02
      57  3.774044529674E-02
     364  1.346826648805E-05
     368  8.566718815344E-06
     396  2.109505512860E-02
     392  1.197513330895E-02
     424  9.826416430674E-02
     420  5.205228439518E-02
     452  4.002643396175E-02
     448  1.937231918274E-02
     372  5.159239467303E-07
     400  5.449273107643E-03
     376  2.715640410276E-09
     404  4.181059305247E-05
     428  2.662718571921E-02
     432  1.910012478356E-04
     456  1.176089674728E-02
     460  8.356806040143E-05
      56  2.869616793843E-01  2.869616793843E-01
      57
      56  3.774044529674E-02
      62  1.887022249423E-02
      63  7.548088576877E-02
      57  1.509617825065E-01
      64  1.887022207507E-02
      58  3.774044932631E-02
     364  2.118703147658E-08
     368  7.782768507345E-07
     396  6.228242267433E-03
     392  8.372404660458E-05
     372  1.437945643361E-06
     400  1.956321785550E-02
     376  1.212713290363E-06
     404  1.316019914961E-02
     424  3.167425680675E-02
     420  4.597979296425E-04
     428  9.973552329310E-02
     432  6.646971030292E-02
     452  1.400582355195E-02
     448  2.010675613913E-04
     456  4.614424285426E-02
     460  3.111337347757E-02
     380  1.097023009759E-07
     408  1.257763176195E-03
     436  6.491486682376E-03
     464  3.072018687147E-03
      57  3.396640074676E-01  3.396640074676E-01
      58
      57  3.774044932631E-02
      63  1.887022207507E-02
      64  7.548089074414E-02
      58  1.509617931331E-01
      65  1.887022746962E-02
      59  3.774045558549E-02
     372  1.097023559332E-07
     376  1.212713707474E-06
     404  1.316020281462E-02
     400  1.257763342922E-03
     380  1.437954037620E-06
     408  1.956322911616E-02
     432  6.646973359597E-02
     428  6.491489725870E-03
     436  9.973555557206E-02
     460  3.111338510652E-02
     456  3.072021374370E-03
     464  4.614423015058E-02
     384  7.782809063123E-07
     412  6.228239084123E-03
     388  2.118700225886E-08
     416  8.372363604143E-05
     440  3.167423127089E-02
     444  4.597955439752E-04
     468  1.400581150865E-02
     472  2.010666529727E-04
      58  3.396640383337E-01  3.396640383337E-01
      59
      58  3.774045558549E-02
      64  1.887022746962E-02
      65  6.913945533885E-02
      59  1.377255894967E-01
      66  7.977164918122E-03
      60  1.550893318103E-02
     376  2.715678596238E-09
     380  5.159284412192E-07
     408  5.449282098011E-03
     404  4.181080847288E-05
     384  8.566746088307E-06
     412  2.109506478967E-02
     388  1.346827087884E-05
     416  1.197513064237E-02
     436  2.662722716908E-02
     432  1.910023757536E-04
     440  9.826420407448E-02
     444  5.205227316483E-02
     464  1.176091177031E-02
     460  8.356852653217E-05
     468  4.002647091990E-02
     472  1.937232598933E-02
      59  2.869618259898E-01  2.869618259898E-01
      60
      59  1.550893318103E-02
      65  7.977164918122E-03
      66  3.403287052001E-03
      60  6.447791120261E-03
     384  1.429422102330E-06
     388  6.298758621594E-06
     416  4.039810110329E-03
     412  1.193658395058E-03
     444  1.607371263396E-02
     440  4.739144858419E-03
     472  5.606538984328E-03
     468  1.676583108594E-03
      60  3.333717627141E-02  3.333717627141E-02
      61
      55  3.403281836396E-03
      61  1.580186910513E-02
      62  3.443546284123E-02
      56  7.977156827940E-03
      67  4.646702692487E-03
      68  9.355079048921E-03
     364  1.918348496126E-02
     368  6.270464425901E-03
     396  7.815374896092E-03
     392  2.479912777693E-02
     424  3.323507360970E-03
     420  1.087865544577E-02
     452  2.417914737206E-04
     448  7.901613796104E-04
     336  1.747620833330E-03
     340  5.693637985197E-04
      61  7.561955235211E-02  7.561955235211E-02
      62
      55  7.977156827940E-03
      61  3.443546284123E-02
      62  2.794856200158E-01
      56  6.913942045645E-02
      63  7.548138492168E-02
      57  1.887022249423E-02
      67  9.355079048921E-03
      68  7.067476144917E-02
      69  1.887047400424E-02
     364  4.953426562444E-02
     368  9.796812206885E-02
     396  1.432932462059E-01
     392  7.210983249582E-02
     424  7.147326524644E-02
     420  3.514308163566E-02
     452  6.093595890619E-03
     448  2.771991626729E-03
     372  2.832594400272E-02
     400  4.071018719762E-02
     376  2.654492361962E-04
     404  3.448584508201E-04
     428  2.062754949295E-02
     432  1.581297941762E-04
     456  1.885612234482E-03
     460  1.391084788520E-05
     336  4.007699293454E-03
     340  7.399007251758E-03
     344  2.142332494039E-03
     348  2.150096907574E-05
      62  5.842895820596E-01  5.842895820596E-01
      63
      56  1.887022249423E-02
      62  7.548138492168E-02
      63  3.019252849263E-01
      57  7.548088576877E-02
      64  7.548129735830E-02
      58  1.887022207507E-02
      68  1.887047400424E-02
      69  7.548178436049E-02
      70  1.887043639951E-02
     364  2.357794625333E-04
     368  2.745723069736E-02
     396  4.322260251102E-02
     392  4.810486178981E-04
     372  9.657487543446E-02
     400  1.441728065860E-01
     376  6.647128222648E-02
     404  9.743644598343E-02
     424  2.351844539605E-02
     420  3.092107160180E-04
     428  7.720127610154E-02
     432  5.177293480491E-02
     452  2.193970214234E-03
     448  2.981052679836E-05
     456  7.470060054807E-03
     460  5.069605633781E-03
     380  6.074192854282E-03
     408  9.149628869767E-03
     436  5.005676499921E-03
     464  4.987579364968E-04
     336  1.362813546293E-05
     340  1.945530457491E-03
     344  7.323150659526E-03
     348  5.232784934675E-03
     352  4.712569936700E-04
      63  6.793319923086E-01  6.793319923086E-01
      64
      57  1.887022207507E-02
      63  7.548129735830E-02
      64  3.019252579251E-01
      58  7.548089074414E-02
      65  7.548138228474E-02
      59  1.887022746962E-02
      69  1.887043639951E-02
      70  7.548176642531E-02
      71  1.887046798077E-02
     372  6.074194750688E-03
     376  6.647128844112E-02
     404  9.743646711984E-02
     400  9.149629787982E-03
     380  9.657484581219E-02
     408  1.441728463424E-01
     432  5.177294898056E-02
     428  5.005677655512E-03
     436  7.720128294932E-02
     460  5.069607227189E-03
     456  4.987582768303E-04
     464  7.470056444698E-03
     384  2.745719642968E-02
     412  4.322257790287E-02
     388  2.357781891434E-04
     416  4.810464246120E-04
     440  2.351842591805E-02
     444  3.092092386616E-04
     468  2.193968283489E-03
     472  2.981040415833E-05
     344  4.712576594841E-04
     348  5.232783860103E-03
     352  7.323138130767E-03
     356  1.945524417806E-03
     360  1.362801542237E-05
      64  6.793319486626E-01  6.793319486626E-01
      65
      58  1.887022746962E-02
      64  7.548138228474E-02
      65  2.794856529792E-01
      59  6.913945533885E-02
      66  3.443548092631E-02
      60  7.977164918122E-03
      70  1.887046798077E-02
      71  7.067474408617E-02
      72  9.355079756853E-03
     376  2.654499034066E-04
     380  2.832595545201E-02
     408  4.071023618113E-02
     404  3.448597210983E-04
     384  9.796808623459E-02
     412  1.432933050986E-01
     388  4.953422137231E-02
     416  7.210982562794E-02
     436  2.062757472848E-02
     432  1.581305420548E-04
     440  7.147329828657E-02
     444  3.514307949057E-02
     464  1.885614167443E-03
     460  1.391091404718E-05
     468  6.093602232756E-03
     472  2.771993189126E-03
     348  2.150101741474E-05
     352  2.142330563668E-03
     356  7.398992340697E-03
     360  4.007688676676E-03
      65  5.842896557406E-01  5.842896557406E-01
      66
      59  7.977164918122E-03
      65  3.443548092631E-02
      66  1.580188375121E-02
      60  3.403287052001E-03
      71  9.355079756853E-03
      72  4.646704414696E-03
     384  6.270467760135E-03
     388  1.918348202387E-02
     416  2.479914836789E-02
     412  7.815386918892E-03
     444  1.087866684783E-02
     440  3.323513423105E-03
     472  7.901627698164E-04
     468  2.417921055490E-04
     356  5.693631462187E-04
     360  1.747617455887E-03
      66  7.561960081919E-02  7.561960081919E-02
      67
      61  4.646702692487E-03
      67  2.208962008397E-02
      68  4.071537471913E-02
      62  9.355079048921E-03
      73  6.393994854592E-03
      74  1.093268966476E-02
     336  3.626719301867E-02
     340  1.270774390919E-02
     368  8.186796920445E-03
     364  2.373061348202E-02
     396  7.162312472620E-04
     392  2.091787874007E-03
     280  1.296071111861E-07
     284  2.229948727362E-08
     312  2.707866324693E-03
     308  7.725076380979E-03
      67  9.413346106386E-02  9.413346106386E-02
      68
      61  9.355079048921E-03
      67  4.071537471913E-02
      68  2.858089905965E-01
      62  7.067476144917E-02
      69  7.548075291499E-02
      63  1.887047400424E-02
      73  1.093268966476E-02
      74  7.210605911082E-02
      75  1.886992732707E-02
     336  7.976821606582E-02
     340  1.677330067010E-01
     368  1.269624198539E-01
     364  5.899749230567E-02
     396  1.360760582984E-02
     392  5.924885095741E-03
     344  4.983393277720E-02
     372  3.784493531957E-02
     348  4.862567980547E-04
     376  3.614148562569E-04
     400  4.173849299838E-03
     404  3.806300495454E-05
     280  1.503841216302E-07
     284  4.271825273872E-08
     312  3.195884467201E-02
     308  1.554891739243E-02
     288  1.332059838009E-08
     316  9.482427631310E-03
     292  5.166674150976E-10
     320  9.163429236129E-05
      68  6.028141088356E-01  6.028141088356E-01
      69
      62  1.887047400424E-02
      68  7.548075291499E-02
      69  3.019233888240E-01
      63  7.548178436049E-02
      70  7.548095571622E-02
      64  1.887043639951E-02
      74  1.886992732707E-02
      75  7.548019400228E-02
      76  1.887015856016E-02
     336  2.633374106761E-04
     340  4.445346765910E-02
     368  3.533384601923E-02
     364  2.573484276960E-04
     344  1.640722638268E-01
     372  1.253667089081E-01
     348  1.131492255760E-01
     376  8.510730523746E-02
     396  4.124522653430E-03
     392  3.624719360139E-05
     400  1.425079067867E-02
     404  9.513318898719E-03
     352  1.018750641018E-02
     380  7.712597520863E-03
     408  8.767982753490E-04
     280  2.314916892860E-13
     284  3.976063296966E-09
     312  8.341424705476E-03
     308  4.444350589204E-05
     288  2.134127824373E-07
     316  3.184980387332E-02
     292  4.372738918920E-07
     320  2.236306927839E-02
     296  3.636352567822E-08
     324  2.023355023451E-03
      69  6.793280721090E-01  6.793280721090E-01
      70
      63  1.887043639951E-02
      69  7.548095571622E-02
      70  3.019233856330E-01
      64  7.548176642531E-02
      71  7.548074742409E-02
      65  1.887046798077E-02
      75  1.887015856016E-02
      76  7.548020983505E-02
      77  1.886993035165E-02
     344  1.018751711503E-02
     348  1.131492758333E-01
     376  8.510733859748E-02
     372  7.712599489963E-03
     352  1.640722363096E-01
     380  1.253667514038E-01
     404  9.513321753862E-03
     400  8.767981878682E-04
     408  1.425079832007E-02
     356  4.445339187081E-02
     384  3.533382111849E-02
     360  2.633349332515E-04
     388  2.573469013695E-04
     412  4.124521933179E-03
     416  3.624704746290E-05
     288  3.636356396780E-08
     292  4.372735741948E-07
     320  2.236307401230E-02
     316  2.023356447731E-03
     296  2.134110393023E-07
     324  3.184978695614E-02
     300  3.975811037625E-09
     328  8.341405982012E-03
     304  2.313525490329E-13
     332  4.444308780414E-05
      70  6.793280583257E-01  6.793280583257E-01
      71
      64  1.887046798077E-02
      70  7.548074742409E-02
      71  2.858089680414E-01
      65  7.067474408617E-02
      72  4.071537907698E-02
      66  9.355079756853E-03
      76  1.886993035165E-02
      77  7.210606439570E-02
      78  1.093269144738E-02
     348  4.862595272738E-04
     352  4.983399282496E-02
     380  3.784498717871E-02
     376  3.614163924828E-04
     356  1.677329587760E-01
     384  1.269624710990E-01
     360  7.976812668373E-02
     388  5.899748187378E-02
     408  4.173855020969E-03
     404  3.806312964215E-05
     412  1.360761588115E-02
     416  5.924887859121E-03
     292  5.166623560352E-10
     296  1.332012545277E-08
     324  9.482430097043E-03
     320  9.163464966629E-05
     300  4.271456313771E-08
     328  3.195880113620E-02
     304  1.503744411718E-07
     332  1.554888350543E-02
      71  6.028140725610E-01  6.028140725610E-01
      72
      65  9.355079756853E-03
      71  4.071537907698E-02
      72  2.208962658230E-02
      66  4.646704414696E-03
      77  1.093269144738E-02
      78  6.393996762068E-03
     356  1.270775297807E-02
     360  3.626718309964E-02
     388  2.373062865669E-02
     384  8.186808528696E-03
     416  2.091790899426E-03
     412  7.162326550391E-04
     300  2.229790442398E-08
     304  1.295995408219E-07
     332  7.725064911660E-03
     328  2.707864413602E-03
      72  9.413347804028E-02  9.413347804028E-02
      73
      67  6.393994854592E-03
      73  2.838149339940E-02
      74  4.590650995015E-02
      68  1.093268966476E-02
      79  7.575112980939E-03
      80  1.183048788402E-02
     280  1.971540791946E-02
     284  7.188534200614E-03
     312  1.635014876248E-02
     308  4.520949436309E-02
     340  5.742320622306E-03
     336  1.578860445497E-02
     368  8.653962536997E-05
     364  2.243810966292E-04
     252  5.219227512405E-04
     256  1.929349377150E-04
      73  1.110202887339E-01  1.110202887339E-01
      74
      67  1.093268966476E-02
      73  4.590650995015E-02
      74  2.901144073250E-01
      68  7.210605911082E-02
      75  7.547993732866E-02
      69  1.886992732707E-02
      79  1.183048788402E-02
      80  7.278991844640E-02
      81  1.886998431776E-02
     280  3.701965353775E-02
     284  8.045643599237E-02
     312  1.930312899793E-01
     308  8.900254753681E-02
     340  7.497263896991E-02
     336  3.355444781923E-02
     368  1.411011952694E-03
     364  5.457856169622E-04
     288  2.354397459452E-02
     316  5.613872307137E-02
     292  2.078500142251E-04
     320  5.069373411404E-04
     344  2.207195683727E-02
     348  2.058349906562E-04
     372  4.188448604958E-04
     376  3.774084188153E-06
     252  9.699677060294E-04
     256  2.172110015235E-03
     260  6.602346025695E-04
     264  5.901831969916E-06
      74  6.168999213547E-01  6.168999213547E-01
      75
      68  1.886992732707E-02
      74  7.547993732866E-02
      75  3.019236415229E-01
      69  7.548019400228E-02
      76  7.548174454674E-02
      70  1.887015856016E-02
      80  1.886998431776E-02
      81  7.548134073258E-02
      82  1.887062771942E-02
     280  9.665504334752E-05
     284  2.082282783902E-02
     312  5.032954950389E-02
     308  2.605719686937E-04
     288  7.799180733776E-02
     316  1.844773738257E-01
     292  5.358496815901E-02
     320  1.254889344355E-01
     340  1.978588962143E-02
     336  1.089131338179E-04
     344  7.100204231002E-02
     348  4.762868712603E-02
     368  3.866486790074E-04
     364  2.324153077180E-06
     372  1.278177002810E-03
     376  8.106976020867E-04
     296  4.915974764347E-03
     324  1.145903345650E-02
     352  4.309197218680E-03
     380  7.317150876476E-05
     252  2.436855516788E-06
     256  5.729443311035E-04
     260  2.229548360382E-03
     264  1.565507216310E-03
     268  1.436746047294E-04
      75  6.793275560575E-01  6.793275560575E-01
      76
      69  1.887015856016E-02
      75  7.548174454674E-02
      76  3.019236778058E-01
      70  7.548020983505E-02
      77  7.547994910958E-02
      71  1.886993035165E-02
      81  1.887062771942E-02
      82  7.548134361571E-02
      83  1.886998747086E-02
     288  4.915981222936E-03
     292  5.358499332514E-02
     320  1.254889654047E-01
     316  1.145903598322E-02
     296  7.799179498279E-02
     324  1.844773940587E-01
     348  4.762871648736E-02
     344  4.309199025254E-03
     352  7.100209128284E-02
     376  8.106990468965E-04
     372  7.317144638324E-05
     380  1.278181785182E-03
     300  2.082279651426E-02
     328  5.032950653481E-02
     304  9.665415257357E-05
     332  2.605702975849E-04
     356  1.978588040297E-02
     360  1.089122904700E-04
     384  3.866496650157E-04
     388  2.324140469170E-06
     260  1.436748478756E-04
     264  1.565508082483E-03
     268  2.229547827888E-03
     272  5.729433767771E-04
     276  2.436830388712E-06
      76  6.793276290149E-01  6.793276290149E-01
      77
      70  1.886993035165E-02
      76  7.547994910958E-02
      77  2.901144584577E-01
      71  7.210606439570E-02
      78  4.590652126705E-02
      72  1.093269144738E-02
      82  1.886998747086E-02
      83  7.278993935126E-02
      84  1.183049180165E-02
     292  2.078510815076E-04
     296  2.354400020165E-02
     324  5.613877754387E-02
     320  5.069390188445E-04
     300  8.045640601080E-02
     328  1.930313039397E-01
     304  3.701960462142E-02
     332  8.900250331632E-02
     352  2.207200386531E-02
     348  2.058362028967E-04
     356  7.497271207665E-02
     360  3.355445716695E-02
     380  4.188472396970E-04
     376  3.774123858279E-06
     384  1.411018059685E-03
     388  5.457876367878E-04
     264  5.901866789295E-06
     268  6.602353905850E-04
     272  2.172108773029E-03
     276  9.699655164351E-04
      77  6.169000336528E-01  6.169000336528E-01
      78
      71  1.093269144738E-02
      77  4.590652126705E-02
      78  2.838150332246E-02
      72  6.393996762068E-03
      83  1.183049180165E-02
      84  7.575116037621E-03
     300  7.188535793955E-03
     304  1.971539392101E-02
     332  4.520949789754E-02
     328  1.635016081649E-02
     360  1.578862137649E-02
     356  5.742331971405E-03
     388  2.243821683923E-04
     384  8.654012863636E-05
     272  1.929348263740E-04
     276  5.219217379378E-04
      78  1.110203206382E-01  1.110203206382E-01
      79
      73  7.575112980939E-03
      79  3.063527197527E-02
      80  4.755986858148E-02
      74  1.183048788402E-02
      85  7.458322281470E-03
      86  1.174654406027E-02
     252  3.447133565036E-02
     256  1.271663135360E-02
     284  1.487750127395E-02
     280  4.042518435779E-02
     312  2.514031800555E-03
     308  6.798304065446E-03
     224  3.639522284758E-03
     228  1.363096976995E-03
      79  1.168056077635E-01  1.168056077635E-01
      80
      73  1.183048788402E-02
      79  4.755986858148E-02
      80  2.913291287988E-01
      74  7.278991844640E-02
      81  7.547984193975E-02
      75  1.886998431776E-02
      85  1.174654406027E-02
      86  7.272977530133E-02
      87  1.886998120154E-02
     252  6.498471874225E-02
     256  1.443609349424E-01
     284  1.655206920523E-01
     280  7.533634556491E-02
     312  2.928414673887E-02
     308  1.308235941244E-02
     260  4.226550227933E-02
     288  4.776139022967E-02
     264  3.666757186550E-04
     292  4.099420055644E-04
     316  8.371334306639E-03
     320  7.160748348253E-05
     340  3.944916634690E-16
     336  1.294842632244E-19
     344  3.935092291543E-19
     224  7.254634591508E-03
     228  1.698014238971E-02
     232  5.109983549849E-03
     236  4.512052372580E-05
      80  6.212055305313E-01  6.212055305313E-01
      81
      74  1.886998431776E-02
      80  7.547984193975E-02
      81  3.019250412534E-01
      75  7.548134073258E-02
      82  7.548252296578E-02
      76  1.887062771942E-02
      86  1.886998120154E-02
      87  7.548108808619E-02
      88  1.887054331009E-02
     252  1.695746061760E-04
     256  3.741029580685E-02
     284  4.237536365516E-02
     280  1.912056246880E-04
     260  1.386235488508E-01
     288  1.554841167118E-01
     264  9.414005290379E-02
     292  1.049922450647E-01
     312  7.551142817607E-03
     308  3.689006450775E-05
     316  2.687788441722E-02
     320  1.778032402830E-02
     340  6.754770769966E-17
     336  2.190550904027E-20
     344  6.811121772202E-20
     268  8.651944769911E-03
     296  9.653996765164E-03
     324  1.633775415480E-03
     224  2.203435947678E-05
     228  4.557034040076E-03
     232  1.680480210535E-02
     236  1.133446529136E-02
     240  1.040274228015E-03
      81  6.793309715265E-01  6.793309715265E-01
      82
      75  1.887062771942E-02
      81  7.548252296578E-02
      82  3.019250446776E-01
      76  7.548134361571E-02
      83  7.547984536345E-02
      77  1.886998747086E-02
      87  1.887054331009E-02
      88  7.548108691519E-02
      89  1.886997976030E-02
     260  8.651947156091E-03
     264  9.414007366190E-02
     292  1.049922996404E-01
     288  9.654010595480E-03
     268  1.386235534021E-01
     296  1.554841100107E-01
     320  1.778033140572E-02
     316  1.633776975741E-03
     324  2.687789030794E-02
     272  3.741026348928E-02
     300  4.237531255422E-02
     276  1.695735949943E-04
     304  1.912038912256E-04
     328  7.551139702503E-03
     332  3.688981496608E-05
     356  6.832825028251E-17
     352  6.909673271238E-20
     360  2.222244269395E-20
     232  1.040273850609E-03
     236  1.133446585122E-02
     240  1.680480191833E-02
     244  4.557029715709E-03
     248  2.203425928146E-05
      82  6.793309817984E-01  6.793309817984E-01
      83
      76  1.886998747086E-02
      82  7.547984536345E-02
      83  2.913291512887E-01
      77  7.278993935126E-02
      84  4.755987454423E-02
      78  1.183049180165E-02
      88  1.886997976030E-02
      89  7.272976564739E-02
      90  1.174654310949E-02
     264  3.666768329622E-04
     268  4.226553527659E-02
     296  4.776145728885E-02
     292  4.099442747996E-04
     272  1.443609156429E-01
     300  1.655207161454E-01
     276  6.498466880924E-02
     304  7.533630339816E-02
     324  8.371348441909E-03
     320  7.160781577999E-05
     328  2.928417747172E-02
     332  1.308236762552E-02
     356  3.990469750460E-16
     352  3.991874588032E-19
     360  1.313611645192E-19
     236  4.512059472843E-05
     240  5.109984638369E-03
     244  1.698013020304E-02
     248  7.254623877450E-03
      83  6.212055783374E-01  6.212055783374E-01
      84
      77  1.183049180165E-02
      83  4.755987454423E-02
      84  3.063527809701E-02
      78  7.575116037621E-03
      89  1.174654310949E-02
      90  7.458322233042E-03
     272  1.271663425442E-02
     276  3.447132239328E-02
     304  4.042518998978E-02
     300  1.487751587992E-02
     332  6.798313004175E-03
     328  2.514036959262E-03
     244  1.363095888855E-03
     248  3.639517453356E-03
      84  1.168056258230E-01  1.168056258230E-01
      85
      79  7.458322281470E-03
      85  2.742496734196E-02
      86  4.517410713055E-02
      80  1.174654406027E-02
      91  6.075318867665E-03
      92  1.066858743796E-02
     224  4.226701433344E-02
     228  1.519412794778E-02
     256  9.509505865944E-03
     252  2.634187431620E-02
     284  5.407445344351E-04
     280  1.497464032030E-03
     168  1.327153345263E-05
     172  6.017335605795E-06
     200  3.500632955669E-03
     196  9.677194265318E-03
      85  1.085478471199E-01  1.085478471199E-01
      86
      79  1.174654406027E-02
      85  4.517410713055E-02
      86  2.895517364231E-01
      80  7.272977530133E-02
      87  7.547942764822E-02
      81  1.886998120154E-02
      91  1.066858743796E-02
      92  7.188620965340E-02
      93  1.886969892949E-02
     224  8.645462097858E-02
     228  1.878323429884E-01
     256  1.067774037571E-01
     252  5.013376843566E-02
     284  5.738344178510E-03
     280  2.745431309198E-03
     232  5.495807477860E-02
     260  3.060236275945E-02
     236  4.969430104621E-04
     264  2.674337632118E-04
     288  1.589171086465E-03
     292  1.338353505187E-05
     168  4.191069250717E-05
     172  1.572120484391E-04
     200  4.998962320901E-02
     196  2.188711861592E-02
     176  5.508594134014E-05
     204  1.509456229070E-02
     180  5.077231675686E-07
     208  1.407666840074E-04
      86  6.149760677858E-01  6.149760677858E-01
      87
      80  1.886998120154E-02
      86  7.547942764822E-02
      87  3.019208406761E-01
      81  7.548108808619E-02
      88  7.548096641545E-02
      82  1.887054331009E-02
      92  1.886969892949E-02
      93  7.547914545407E-02
      94  1.886988019184E-02
     224  2.723779465235E-04
     228  4.970154550898E-02
     256  2.735515275246E-02
     252  1.331817756066E-04
     232  1.814679005414E-01
     260  1.003392482291E-01
     236  1.234634376143E-01
     264  6.822945779881E-02
     284  1.423261220555E-03
     280  6.588639161135E-06
     288  5.108246661115E-03
     292  3.430975278045E-03
     240  1.128346205353E-02
     268  6.260379798835E-03
     296  3.155487576972E-04
     168  3.094057691203E-07
     172  5.101998637664E-05
     200  1.376121994201E-02
     196  8.303851184984E-05
     176  1.763455992940E-04
     204  4.968824201369E-02
     180  1.126800318331E-04
     208  3.359358453198E-02
     184  1.025673901303E-05
     212  3.054110574981E-03
      87  6.793215719130E-01  6.793215719130E-01
      88
      81  1.887054331009E-02
      87  7.548096641545E-02
      88  3.019208241232E-01
      82  7.548108691519E-02
      89  7.547942255212E-02
      83  1.886997976030E-02
      93  1.886988019184E-02
      94  7.547913777415E-02
      95  1.886969753543E-02
     232  1.128345542743E-02
     236  1.234634335142E-01
     264  6.822946372637E-02
     260  6.260377996926E-03
     240  1.814679213237E-01
     268  1.003392658436E-01
     292  3.430976170358E-03
     288  3.155488696925E-04
     296  5.108247269730E-03
     244  4.970152571109E-02
     272  2.735514162732E-02
     248  2.723771680573E-04
     276  1.331812497327E-04
     300  1.423260239080E-03
     304  6.588599328835E-06
     176  1.025673846440E-05
     180  1.126798369036E-04
     208  3.359357022425E-02
     204  3.054106721590E-03
     184  1.763449796050E-04
     212  4.968823257404E-02
     188  5.101979794516E-05
     216  1.376121509820E-02
     192  3.094049469568E-07
     220  8.303846515873E-05
      88  6.793215385778E-01  6.793215385778E-01
      89
      82  1.886997976030E-02
      88  7.547942255212E-02
      89  2.895517134840E-01
      83  7.272976564739E-02
      90  4.517410480994E-02
      84  1.174654310949E-02
      94  1.886969753543E-02
      95  7.188620729510E-02
      96  1.066858724839E-02
     236  4.969434148281E-04
     240  5.495809415196E-02
     268  3.060238438517E-02
     264  2.674342729670E-04
     244  1.878323261030E-01
     272  1.067774260608E-01
     248  8.645458455179E-02
     276  5.013376765105E-02
     296  1.589172701967E-03
     292  1.338357986682E-05
     300  5.738346217844E-03
     304  2.745432480556E-03
     180  5.077191271222E-07
     184  5.508568197438E-05
     212  1.509455280152E-02
     208  1.407663568822E-04
     188  1.572113124126E-04
     216  4.998959197401E-02
     192  4.191042416057E-05
     220  2.188709960027E-02
      89  6.149760214421E-01  6.149760214421E-01
      90
      83  1.174654310949E-02
      89  4.517410480994E-02
      90  2.742496728379E-02
      84  7.458322233042E-03
      95  1.066858724839E-02
      96  6.075318921271E-03
     244  1.519412888953E-02
     248  4.226700431334E-02
     276  2.634188355918E-02
     272  9.509512263134E-03
     304  1.497465763165E-03
     300  5.407453041549E-04
     188  6.017293056073E-06
     192  1.327142725475E-05
     220  9.677184923270E-03
     216  3.500629869832E-03
      90  1.085478436059E-01  1.085478436059E-01
      91
      85  6.075318867665E-03
      91  2.076057779963E-02
      92  3.949345943044E-02
      86  1.066858743796E-02
      97  4.349992776077E-03
      98  9.049217228943E-03
     168  1.720917964246E-02
     172  5.796246256972E-03
     200  1.264467099849E-02
     196  3.684222495846E-02
     228  4.234734992779E-03
     224  1.230401097289E-02
     256  2.310034774280E-05
     252  7.410516351497E-05
     140  9.479327392003E-04
     144  3.209474682128E-04
      91  9.039715354072E-02  9.039715354072E-02
      92
      85  1.066858743796E-02
      91  3.949345943044E-02
      92  2.846782854163E-01
      86  7.188620965340E-02
      93  7.548020535419E-02
      87  1.886969892949E-02
      97  9.049217228943E-03
      98  7.035851931687E-02
      99  1.887041785507E-02
     168  4.611646418521E-02
     172  9.932060644695E-02
     200  1.794742314699E-01
     196  8.628817181323E-02
     228  5.173271112447E-02
     224  2.582393477887E-02
     256  1.969673740746E-04
     252  1.319526753814E-04
     176  2.972572425243E-02
     204  5.270357524854E-02
     180  2.722573887977E-04
     208  4.980228890035E-04
     232  1.483030145905E-02
     236  1.384447458154E-04
     260  4.823202517175E-05
     264  4.461796709330E-07
     140  2.894851415466E-03
     144  6.914270307725E-03
     148  2.223696813774E-03
     152  1.973802918248E-05
      92  5.993546006227E-01  5.993546006227E-01
      93
      86  1.886969892949E-02
      92  7.548020535419E-02
      93  3.019209411110E-01
      87  7.547914545407E-02
      94  7.548031537236E-02
      88  1.886988019184E-02
      98  1.887041785507E-02
      99  7.548156467350E-02
     100  1.887038317291E-02
     168  2.478921582429E-04
     172  2.906345971290E-02
     200  4.885720458646E-02
     196  3.367299987204E-04
     176  1.017074190430E-01
     204  1.757339401802E-01
     180  6.903976127228E-02
     208  1.204182792811E-01
     228  1.347771774405E-02
     224  8.125745073892E-05
     232  4.935987768085E-02
     236  3.404601830176E-02
     256  4.364882128303E-05
     252  2.603947683027E-07
     260  1.645958286129E-04
     264  1.201874169085E-04
     184  6.349475592055E-03
     212  1.093849437570E-02
     240  3.095832074203E-03
     268  1.093111801575E-05
     140  2.171946380412E-05
     144  2.260949780354E-03
     148  8.016508492098E-03
     152  5.422378992209E-03
     156  5.080123540570E-04
      93  6.793225521144E-01  6.793225521144E-01
      94
      87  1.886988019184E-02
      93  7.548031537236E-02
      94  3.019209252779E-01
      88  7.547913777415E-02
      95  7.548020232947E-02
      89  1.886969753543E-02
      99  1.887038317291E-02
     100  7.548156494380E-02
     101  1.887041799024E-02
     176  6.349468680854E-03
     180  6.903973969876E-02
     208  1.204182319800E-01
     204  1.093847445173E-02
     184  1.017074098671E-01
     212  1.757339951167E-01
     236  3.404601338015E-02
     232  3.095828073607E-03
     240  4.935990196118E-02
     264  1.201874371940E-04
     260  1.093111135786E-05
     268  1.645960343841E-04
     188  2.906344923129E-02
     216  4.885722678346E-02
     192  2.478918473674E-04
     220  3.367303386167E-04
     244  1.347772464897E-02
     248  8.125743207690E-05
     272  4.364893030005E-05
     276  2.603949556996E-07
     148  5.080121839001E-04
     152  5.422376902193E-03
     156  8.016502138515E-03
     160  2.260946565826E-03
     164  2.171939752564E-05
      94  6.793225245881E-01  6.793225245881E-01
      95
      88  1.886969753543E-02
      94  7.548020232947E-02
      95  2.846782766395E-01
      89  7.188620729510E-02
      96  3.949345718807E-02
      90  1.066858724839E-02
     100  1.887041799024E-02
     101  7.035851820213E-02
     102  9.049216101448E-03
     180  2.722570418876E-04
     184  2.972571576407E-02
     212  5.270356330718E-02
     208  4.980215040451E-04
     188  9.932056566001E-02
     216  1.794742485442E-01
     192  4.611643565377E-02
     220  8.628818366629E-02
     240  1.483030868138E-02
     236  1.384446482750E-04
     244  5.173274389206E-02
     248  2.582395181624E-02
     268  4.823216210404E-05
     264  4.461807116679E-07
     272  1.969681837148E-04
     276  1.319532853556E-04
     152  1.973801910189E-05
     156  2.223695058714E-03
     160  6.914261376882E-03
     164  2.894846083696E-03
      95  5.993545805297E-01  5.993545805297E-01
      96
      89  1.066858724839E-02
      95  3.949345718807E-02
      96  2.076057636585E-02
      90  6.075318921271E-03
     101  9.049216101448E-03
     102  4.349991762628E-03
     188  5.796242554583E-03
     192  1.720916704967E-02
     220  3.684222577988E-02
     216  1.264466969940E-02
     248  1.230402039925E-02
     244  4.234738404827E-03
     276  7.410553430315E-05
     272  2.310046577999E-05
     160  3.209469183592E-04
     164  9.479307815941E-04
      96  9.039714758765E-02  9.039714758765E-02
      97
      91  4.349992776077E-03
      97  1.497152497726E-02
      98  3.330205371238E-02
      92  9.049217228943E-03
     103  2.715732639579E-03
     104  6.337127082390E-03
     140  2.257592197470E-02
     144  6.946174761371E-03
     172  6.677203355227E-03
     168  2.096904234212E-02
     200  1.056760295545E-03
     196  3.315190104668E-03
     112  7.067021313683E-03
     116  2.118334269320E-03
      97  7.072564841663E-02  7.072564841663E-02
      98
      91  9.049217228943E-03
      97  3.330205371238E-02
      98  2.744008522115E-01
      92  7.035851931687E-02
      99  7.401101403375E-02
      93  1.887041785507E-02
     103  6.337127082390E-03
     104  5.305826246950E-02
     105  1.384227759682E-02
     140  6.872632908422E-02
     144  1.352868452647E-01
     172  1.122051652341E-01
     168  5.754683762099E-02
     200  1.473495137343E-02
     196  8.102814104423E-03
     148  3.783554938545E-02
     176  3.160342096484E-02
     152  2.962469564385E-04
     180  2.757503890388E-04
     204  4.043591813208E-03
     208  3.730772951321E-05
     112  2.315042458701E-02
     116  4.617547267674E-02
     120  1.311331982557E-02
     124  9.571449756002E-05
      98  5.532297415073E-01  5.532297415073E-01
      99
      92  1.887041785507E-02
      98  7.401101403375E-02
      99  2.952209989377E-01
      93  7.548156467350E-02
     100  7.375202495277E-02
      94  1.887038317291E-02
     104  1.384227759682E-02
     105  5.379931080168E-02
     106  1.335078718619E-02
     140  5.311522873167E-04
     144  4.237337441134E-02
     172  3.245974362292E-02
     168  3.268509335472E-04
     148  1.379187832669E-01
     176  1.096913546125E-01
     152  9.261756829827E-02
     180  7.456761167117E-02
     200  3.927513699562E-03
     196  3.343786365497E-05
     204  1.371481464330E-02
     208  9.493377051054E-03
     156  8.868209584715E-03
     184  6.930185754229E-03
     212  8.676813403544E-04
     112  2.199626412087E-04
     116  1.549322306488E-02
     120  5.022246759005E-02
     124  3.364788987685E-02
     128  3.293576996564E-03
      99  6.371987792104E-01  6.371987792104E-01
     100
      93  1.887038317291E-02
      99  7.375202495277E-02
     100  2.952210136294E-01
      94  7.548156494380E-02
     101  7.401101673681E-02
      95  1.887041799024E-02
     105  1.335078718619E-02
     106  5.379932102274E-02
     107  1.384228136612E-02
     148  8.868201249231E-03
     152  9.261755674485E-02
     180  7.456760768673E-02
     176  6.930178271521E-03
     156  1.379188071269E-01
     184  1.096913998653E-01
     208  9.493376895850E-03
     204  8.676797094431E-04
     212  1.371482949073E-02
     160  4.237336518542E-02
     188  3.245974522869E-02
     164  5.311515936024E-04
     192  3.268504923191E-04
     216  3.927517937734E-03
     220  3.343788386281E-05
     120  3.293573578127E-03
     124  3.364788265988E-02
     128  5.022246960039E-02
     132  1.549321741682E-02
     136  2.199623834985E-04
     100  6.371988110009E-01  6.371988110009E-01
     101
      94  1.887041799024E-02
     100  7.401101673681E-02
     101  2.744008440252E-01
      95  7.035851820213E-02
     102  3.330204578394E-02
      96  9.049216101448E-03
     106  1.384228136612E-02
     107  5.305827351757E-02
     108  6.337126536991E-03
     152  2.962469776797E-04
     156  3.783555743058E-02
     184  3.160343717789E-02
     180  2.757504944307E-04
     160  1.352868277790E-01
     188  1.122051892953E-01
     164  6.872630280118E-02
     192  5.754683969244E-02
     212  4.043595557861E-03
     208  3.730770843762E-05
     216  1.473496607980E-02
     220  8.102822775177E-03
     124  9.571442598409E-05
     128  1.311331840335E-02
     132  4.617545366573E-02
     136  2.315040999556E-02
     101  5.532297402604E-01  5.532297402604E-01
     102
      95  9.049216101448E-03
     101  3.330204578394E-02
     102  1.497151816641E-02
      96  4.349991762628E-03
     107  6.337126536991E-03
     108  2.715731616214E-03
     160  6.946171916082E-03
     164  2.257590920196E-02
     192  2.096904205692E-02
     188  6.677204174001E-03
     220  3.315193644370E-03
     216  1.056761343070E-03
     132  2.118332626726E-03
     136  7.067015004500E-03
     102  7.072562996763E-02  7.072562996763E-02
     103
      97  2.715732639579E-03
     103  2.394966017997E-03
     104  5.603494605401E-03
      98  6.337127082390E-03
     112  7.654621540365E-03
     116  2.219664187792E-03
     144  1.603067321719E-03
     140  5.512389070180E-03
     172  1.281608722648E-05
     168  4.876213808570E-05
     103  1.705132034537E-02  1.705132034537E-02
     104
      97  6.337127082390E-03
     103  5.603494605401E-03
     104  4.487143120293E-02
      98  5.305826246950E-02
     105  1.092896822808E-02
      99  1.384227759682E-02
     112  2.456123070026E-02
     116  4.456366531008E-02
     144  2.947926229420E-02
     140  1.686749580456E-02
     172  1.415354546160E-04
     168  1.245305488946E-04
     120  1.144532970164E-02
     148  7.308581722394E-03
     124  7.825477290467E-05
     152  5.099083570322E-05
     176  2.056786744146E-05
     180  1.161724267920E-07
     104  1.346415611851E-01  1.346415611851E-01
     105
      98  1.384227759682E-02
     104  1.092896822808E-02
     105  4.071554419899E-02
      99  5.379931080168E-02
     106  9.994324713836E-03
     100  1.335078718619E-02
     112  2.213799066071E-04
     116  1.413123218844E-02
     144  8.867681577190E-03
     140  1.334740631956E-04
     120  4.264498184954E-02
     148  2.643577175559E-02
     124  2.814277570293E-02
     152  1.745849132019E-02
     172  2.796661134279E-05
     168  5.297732423201E-07
     176  6.058912286887E-05
     180  3.874972611123E-05
     128  2.765644676460E-03
     156  1.698256256542E-03
     184  3.688195342782E-06
     105  1.426312127256E-01  1.426312127256E-01
     106
      99  1.335078718619E-02
     105  9.994324713836E-03
     106  4.071555913136E-02
     100  5.379932102274E-02
     107  1.092897560694E-02
     101  1.384228136612E-02
     120  2.765641257386E-03
     124  2.814277178672E-02
     152  1.745849099411E-02
     148  1.698254043919E-03
     128  4.264499961987E-02
     156  2.643579057573E-02
     180  3.874977317017E-05
     176  3.688183043441E-06
     184  6.058940827057E-05
     132  1.413123622830E-02
     160  8.867686753006E-03
     136  2.213798478110E-04
     164  1.334740436398E-04
     188  2.796673735426E-05
     192  5.297748475974E-07
     106  1.426312490272E-01  1.426312490272E-01
     107
     100  1.384228136612E-02
     106  1.092897560694E-02
     107  4.487146368218E-02
     101  5.305827351757E-02
     108  5.603496929346E-03
     102  6.337126536991E-03
     124  7.825473222765E-05
     128  1.144533447929E-02
     156  7.308587711871E-03
     152  5.099084350229E-05
     132  4.456367931720E-02
     160  2.947928166348E-02
     136  2.456123407437E-02
     164  1.686750367028E-02
     184  2.056797335726E-05
     180  1.161730300471E-07
     188  1.415360217056E-04
     192  1.245309788409E-04
     107  1.346416176392E-01  1.346416176392E-01
     108
     101  6.337126536991E-03
     107  5.603496929346E-03
     108  2.394966279287E-03
     102  2.715731616214E-03
     132  2.219664064689E-03
     136  7.654620496688E-03
     164  5.512390491695E-03
     160  1.603067880208E-03
     192  4.876229835750E-05
     188  1.281613020168E-05
     108  1.705132136184E-02  1.705132136184E-02
