Tribol Sum of Weights  1.462372942868E+01  1.462372942868E+01
Matrix 113     697     920
      61
     396 -3.254816477191E-03
     392 -9.812495219501E-03
      62  1.796069842960E-02
     340 -5.693628499105E-04
      68  9.355079048936E-03
     368 -6.207776932291E-03
      67  4.646702692472E-03
     364 -1.893512929510E-02
      61  8.564722372077E-03
     336 -1.747621769095E-03
Nonmortar Node Wts  4.052720254309E-02  4.052720254309E-02  7.561955235211E-02  6.719498961308E-01
      62
     404 -1.632243326564E-04
     400 -1.817430967794E-02
     348 -2.150096863318E-05
     376 -2.650947017740E-04
     344 -2.142332832885E-03
     372 -2.826965043941E-02
      63  3.774094024155E-02
      69  1.887047400421E-02
     396 -6.047182526435E-02
     392 -2.784949483854E-02
      62  1.405771811220E-01
     340 -7.399008077324E-03
      68  7.067476144919E-02
     368 -9.745770722992E-02
      67  9.355079048936E-03
     364 -4.895728778159E-02
      61  1.796069842960E-02
     336 -4.007698150433E-03
Nonmortar Node Wts  2.951791342955E-01  2.951791342955E-01  5.842895820596E-01  7.383756270547E-01
      63
     408 -3.950124191568E-03
     352 -4.712570138306E-04
     380 -6.061743427652E-03
      64  3.774085838432E-02
      70  1.887043639951E-02
     404 -4.262154633862E-02
     400 -6.320020625180E-02
     396 -1.831948752108E-02
     392 -1.733236775065E-04
     348 -5.232784934633E-03
     376 -6.633554555023E-02
     344 -7.323150281374E-03
     372 -9.640286421382E-02
      63  1.509635243576E-01
     340 -1.945530781532E-03
      69  7.548178436053E-02
     368 -2.738255949866E-02
      68  1.887047400421E-02
     364 -2.342659019295E-04
      62  3.774094024155E-02
     336 -1.362816350497E-05
Nonmortar Node Wts  3.396680177477E-01  3.396680177477E-01  6.793319923086E-01  7.499933043464E-01
      64
     416 -1.733229134044E-04
     412 -1.831947590351E-02
     360 -1.362804346422E-05
     388 -2.342646320194E-04
     356 -1.945524741847E-03
     384 -2.738252497086E-02
      65  3.774092799180E-02
      71  1.887046798073E-02
     408 -6.320021486357E-02
     404 -4.262155427362E-02
     400 -3.950124689311E-03
     352 -7.323137752617E-03
     380 -9.640283389887E-02
      64  1.509634880817E-01
     348 -5.232783860060E-03
      70  7.548176642535E-02
     376 -6.633555172079E-02
      69  1.887043639951E-02
     372 -6.061745319788E-03
      63  3.774085838432E-02
     344 -4.712576796456E-04
Nonmortar Node Wts  3.396679452634E-01  3.396679452634E-01  6.793319486626E-01  7.499934721393E-01
      65
      66  1.796070077031E-02
      72  9.355079756865E-03
     416 -2.784949220059E-02
     412 -6.047184053780E-02
     408 -1.817432641391E-02
     404 -1.632248019110E-04
     360 -4.007687533657E-03
     388 -4.895724327745E-02
     356 -7.398993166262E-03
     384 -9.745767001137E-02
      65  1.405771461760E-01
     352 -2.142330902513E-03
      71  7.067474408620E-02
     380 -2.826966153421E-02
      70  1.887046798073E-02
     376 -2.650953652617E-04
      64  3.774092799180E-02
     348 -2.150101697211E-05
Nonmortar Node Wts  2.951790667619E-01  2.951790667619E-01  5.842896557406E-01  7.383760262974E-01
      66
     416 -9.812503549942E-03
     412 -3.254821074638E-03
      66  8.564726628086E-03
     360 -1.747618391653E-03
      72  4.646704414683E-03
     388 -1.893512621560E-02
      71  9.355079756865E-03
     384 -6.207780140504E-03
      65  1.796070077031E-02
     356 -5.693621976078E-04
Nonmortar Node Wts  4.052721156994E-02  4.052721156994E-02  7.561960081919E-02  6.719503660367E-01
      67
     312 -2.704947574819E-03
      74  1.092348076810E-02
      73  6.386462224869E-03
     308 -7.711189907475E-03
     396 -7.162309931676E-04
     392 -2.091788128228E-03
      62  9.355079048936E-03
     340 -1.270774735866E-02
      68  4.071526038408E-02
     368 -8.186796199977E-03
      67  2.208951886622E-02
     364 -2.373061418981E-02
      61  4.646702692472E-03
     336 -3.626718963255E-02
Nonmortar Node Wts  9.411650398468E-02  9.411650398468E-02  9.413346106386E-02  1.801603346121E-04
      68
     320 -9.155380656941E-05
     316 -9.479592065475E-03
      75  1.886736210491E-02
     312 -3.195166912312E-02
      74  7.209012685812E-02
      73  1.092348076810E-02
     308 -1.553121681329E-02
     404 -3.806297832457E-05
     400 -4.173849666154E-03
     348 -4.862568206933E-04
     376 -3.614148820041E-04
     344 -4.983392871144E-02
     372 -3.784493542082E-02
      63  1.887047400421E-02
      69  7.548073608119E-02
     396 -1.360760577296E-02
     392 -5.924884820753E-03
      62  7.067476144919E-02
     340 -1.677330065009E-01
      68  2.858088289681E-01
     368 -1.269624206372E-01
      67  4.071526038408E-02
     364 -5.899749140961E-02
      61  9.355079048936E-03
     336 -7.976822023748E-02
Nonmortar Node Wts  6.027861096668E-01  6.027861096668E-01  6.028141088356E-01  4.644887275373E-05
      69
     324 -2.019495859355E-03
      76  1.884692596298E-02
     320 -2.231846600029E-02
     316 -3.182062089503E-02
     312 -8.340323219297E-03
      75  7.542752049130E-02
      74  1.886736210491E-02
     308 -4.444360732547E-05
     408 -8.767983978398E-04
     352 -1.018750625781E-02
     380 -7.712597424782E-03
      64  1.887043639951E-02
      70  7.548063027053E-02
     404 -9.513318930115E-03
     400 -1.425079015367E-02
     396 -4.124522979091E-03
     392 -3.624723040079E-05
     348 -1.131492255549E-01
     376 -8.510730520652E-02
     344 -1.640722680863E-01
     372 -1.253667089162E-01
      63  7.548178436053E-02
     340 -4.445346397950E-02
      69  3.019227645965E-01
     368 -3.533384615031E-02
      68  7.548073608119E-02
     364 -2.573484167825E-04
      62  1.887047400421E-02
     336 -2.633370061860E-04
Nonmortar Node Wts  6.792486342717E-01  6.792486342717E-01  6.793280721090E-01  1.169450134811E-04
      70
     332 -4.444318935924E-05
     328 -8.340304556024E-03
      77  1.886736521195E-02
     324 -3.182060420819E-02
     320 -2.231847076124E-02
      76  7.542753655563E-02
      75  1.884692596298E-02
     316 -2.019497280969E-03
     416 -3.624708426226E-05
     412 -4.124522258840E-03
     360 -2.633345287606E-04
     388 -2.573468904558E-04
     356 -4.445338819123E-02
     384 -3.533382124957E-02
      65  1.887046798073E-02
      71  7.548073059102E-02
     408 -1.425079779506E-02
     404 -9.513321785262E-03
     400 -8.767983103572E-04
     352 -1.640722405691E-01
     380 -1.253667514119E-01
      64  7.548176642535E-02
     348 -1.131492758121E-01
      70  3.019227614080E-01
     376 -8.510733856652E-02
      69  7.548063027053E-02
     372 -7.712599393885E-03
      63  1.887043639951E-02
     344 -1.018751696268E-02
Nonmortar Node Wts  6.792486208057E-01  6.792486208057E-01  6.793280583257E-01  1.169445486937E-04
      71
      78  1.092348295777E-02
     332 -1.553118375545E-02
     328 -3.195162609686E-02
     324 -9.479594619115E-03
      77  7.209013307488E-02
      76  1.886736521195E-02
     320 -9.155416437063E-05
      66  9.355079756865E-03
      72  4.071526474908E-02
     416 -5.924887584138E-03
     412 -1.360761582426E-02
     408 -4.173855387285E-03
     404 -3.806310301210E-05
     360 -7.976813085534E-02
     388 -5.899748097771E-02
     356 -1.677329585760E-01
     384 -1.269624718823E-01
      65  7.067474408620E-02
     352 -4.983398875921E-02
      71  2.858088064246E-01
     380 -3.784498727996E-02
      70  7.548073059102E-02
     376 -3.614164182299E-04
      64  1.887046798073E-02
     348 -4.862595499141E-04
Nonmortar Node Wts  6.027860748331E-01  6.027860748331E-01  6.028140725610E-01  4.644648500910E-05
      72
     332 -7.711178996969E-03
      78  6.386464428933E-03
      77  1.092348295777E-02
     328 -2.704945812379E-03
     416 -2.091791153642E-03
     412 -7.162324009499E-04
      66  4.646704414683E-03
     360 -3.626717971354E-02
      72  2.208952537039E-02
     388 -2.373062936450E-02
      71  4.071526474908E-02
     384 -8.186807808220E-03
      65  9.355079756865E-03
     356 -1.270775642752E-02
Nonmortar Node Wts  9.411652167771E-02  9.411652167771E-02  9.413347804028E-02  1.801526875179E-04
      73
     256 -1.929350071120E-04
      80  2.507665916502E-03
     284 -1.193789499166E-03
      79  1.630387420915E-03
     280 -3.244384574787E-03
     252 -5.219226845780E-04
     368 -8.653971712070E-05
     364 -2.243810060168E-04
      68  1.092348076810E-02
     312 -7.903940940590E-03
      74  2.205833217531E-02
     340 -5.742318217797E-03
      73  1.322016194439E-02
     336 -1.578860681161E-02
      67  6.386462224869E-03
     308 -2.182767199132E-02
Nonmortar Node Wts  5.672649045010E-02  5.672649045010E-02  1.110202887339E-01  7.256159947990E-01
      74
     264 -5.901831907967E-06
     292 -3.471779035781E-05
     260 -6.602345509311E-04
     288 -3.938632132317E-03
      81  4.000824337596E-03
     256 -2.172109994049E-03
      80  1.518957314045E-02
     284 -1.322531676614E-02
      79  2.507665916502E-03
     280 -5.995623433220E-03
     252 -9.699677763546E-04
     376 -3.774084131326E-06
     372 -4.188447260928E-04
     320 -2.571327507911E-04
     348 -2.058349681552E-04
     316 -2.819199315419E-02
     344 -2.207196053806E-02
      69  1.886736210491E-02
      75  3.812634936817E-02
     368 -1.411011984398E-03
     364 -5.457857166509E-04
      68  7.209012685812E-02
     312 -9.671466681094E-02
      74  1.457996598459E-01
     340 -7.497263823381E-02
      73  2.205833217531E-02
     336 -3.355444491057E-02
      67  1.092348076810E-02
     308 -4.421278236196E-02
Nonmortar Node Wts  3.295633745150E-01  3.295633745150E-01  6.168999213547E-01  6.755420247283E-01
      75
     268 -1.436745926578E-04
     296 -8.391325214387E-04
      82  4.236393926613E-03
     264 -1.565507216165E-03
     292 -9.137478911358E-03
     260 -2.229548423814E-03
     288 -1.315071170917E-02
     256 -5.729442795018E-04
      81  1.658388264203E-02
     284 -3.438974521085E-03
      80  4.000824337596E-03
     280 -1.481568996207E-05
     252 -2.436855582656E-06
     380 -7.317150458981E-05
     324 -5.641291252357E-03
     352 -4.309197353047E-03
      70  1.884692596298E-02
      76  3.657920161961E-02
     376 -8.106976021873E-04
     372 -1.278177145517E-03
     368 -3.866485403312E-04
     364 -2.324154967528E-06
     320 -6.195542594169E-02
     348 -4.762868714749E-02
     316 -9.186497850687E-02
     344 -7.100203845085E-02
      69  7.542752049130E-02
     312 -2.534407408703E-02
      75  1.487540809578E-01
     340 -1.978589297328E-02
      74  3.812634936817E-02
     336 -1.089134869607E-04
      68  1.886736210491E-02
     308 -1.357985430834E-04
Nonmortar Node Wts  3.614225414110E-01  3.614225414110E-01  6.793275560575E-01  6.801694866203E-01
      76
     276 -2.436830454579E-06
     304 -1.481552828981E-05
     272 -5.729433251778E-04
     300 -3.438968533407E-03
      83  4.000823717110E-03
     268 -2.229547891317E-03
     296 -1.315070856298E-02
     264 -1.565508082338E-03
      82  1.658388171338E-02
     292 -9.137484558497E-03
      81  4.236393926613E-03
     288 -8.391341195564E-04
     260 -1.436748358041E-04
     388 -2.324142359513E-06
     384 -3.866495263416E-04
     332 -1.357976586310E-04
     360 -1.089126436131E-04
     328 -2.534405397364E-02
     356 -1.978588375476E-02
      71  1.886736521195E-02
      77  3.812637166540E-02
     380 -1.278181927888E-03
     376 -8.106990469953E-04
     372 -7.317144220919E-05
     324 -9.186500350023E-02
     352 -7.100208742369E-02
      70  7.542753655563E-02
     320 -6.195544233320E-02
      76  1.487541364552E-01
     348 -4.762871650883E-02
      75  3.657920161961E-02
     344 -4.309199159608E-03
      69  1.884692596298E-02
     316 -5.641291518075E-03
Nonmortar Node Wts  3.614226368279E-01  3.614226368279E-01  6.793276290149E-01  6.801693106069E-01
      77
      84  2.507663686501E-03
     276 -9.699655867639E-04
     304 -5.995612268804E-03
     272 -2.172108751837E-03
     300 -1.322531048976E-02
     268 -6.602353389488E-04
      83  1.518956635578E-02
     296 -3.938637293661E-03
      82  4.000823717110E-03
     292 -3.471801250237E-05
     264 -5.901866727346E-06
      72  1.092348295777E-02
      78  2.205835987567E-02
     388 -5.457877364765E-04
     384 -1.411018091387E-03
     380 -4.188471052961E-04
     376 -3.774123801451E-06
     332 -4.421278011432E-02
     360 -3.355445425834E-02
     328 -9.671468304897E-02
     356 -7.497271134039E-02
      71  7.209013307488E-02
     324 -2.819202624689E-02
      77  1.457997825132E-01
     352 -2.207200756608E-02
      76  3.812637166540E-02
     348 -2.058361803941E-04
      70  1.886736521195E-02
     320 -2.571336369246E-04
Nonmortar Node Wts  3.295635490583E-01  3.295635490583E-01  6.169000336528E-01  6.755416341252E-01
      78
     276 -5.219216712719E-04
      84  1.630385888790E-03
     304 -3.244380243336E-03
      83  2.507663686501E-03
     300 -1.193789371207E-03
     272 -1.929348957746E-04
     388 -2.243820777799E-04
     384 -8.654022038719E-05
      72  6.386464428933E-03
     332 -2.182768473867E-02
      78  1.322018045647E-02
     360 -1.578862373312E-02
      77  2.205835987567E-02
     356 -5.742329566918E-03
      71  1.092348295777E-02
     328 -7.903950775663E-03
Nonmortar Node Wts  5.672653729413E-02  5.672653729413E-02  1.110203206382E-01  7.256153891555E-01
      79
     228 -1.363097817290E-03
      86  1.174654406046E-02
      85  7.458322281284E-03
     224 -3.639521465882E-03
      74  2.507665916502E-03
     256 -1.271663017138E-02
      80  3.924937405371E-02
     284 -9.602888782920E-03
      79  2.530938312039E-02
     280 -2.610820181876E-02
      73  1.630387420915E-03
     252 -3.447133679703E-02
Nonmortar Node Wts  8.790167685326E-02  8.790167685326E-02  1.168056077635E-01  2.963401814319E-01
      80
     236 -4.512052304707E-05
     232 -5.109983430678E-03
      87  1.886998120156E-02
     228 -1.698014162076E-02
      86  7.272977530111E-02
      85  1.174654406046E-02
     224 -7.254635458879E-03
     264 -3.666757194450E-04
     292 -2.631256059302E-04
     260 -4.226550253640E-02
     288 -3.065124343891E-02
      75  4.000824337596E-03
      81  6.235728052203E-02
      74  1.518957314045E-02
     256 -1.443609359335E-01
      80  2.400734126288E-01
     284 -1.060457935935E-01
      79  3.924937405371E-02
     280 -4.839655577243E-02
      73  2.507665916502E-03
     252 -6.498471752872E-02
Nonmortar Node Wts  4.667244311622E-01  4.667244311622E-01  6.212055305313E-01  2.981005297622E-01
      81
     240 -1.040274249977E-03
      88  1.887054331009E-02
     236 -1.133446529242E-02
     232 -1.680480219929E-02
     228 -4.557033897222E-03
      87  7.548108808616E-02
      86  1.886998120156E-02
     224 -2.203438351039E-05
     268 -8.651944769262E-03
     296 -6.237772114006E-03
      76  4.236393926613E-03
      82  6.290524729016E-02
     264 -9.414005290298E-02
     292 -6.783151672979E-02
     260 -1.386235485986E-01
     288 -1.000314727082E-01
      75  1.658388264203E-02
     256 -3.741029608701E-02
      81  2.507870706153E-01
     284 -2.711701404124E-02
      80  6.235728052203E-02
     280 -1.205093755959E-04
      74  4.000824337596E-03
     252 -1.695745824284E-04
Nonmortar Node Wts  5.140923119316E-01  5.140923119316E-01  6.793309715265E-01  2.903141734830E-01
      82
     248 -2.203428331501E-05
     244 -4.557029572850E-03
      89  1.886997976032E-02
     240 -1.680480201227E-02
     236 -1.133446585228E-02
      88  7.548108691517E-02
      87  1.887054331009E-02
     232 -1.040273872571E-03
     276 -1.695735712468E-04
     304 -1.205082984697E-04
     272 -3.741026376944E-02
     300 -2.711698047867E-02
      77  4.000823717110E-03
      83  6.235727858827E-02
     268 -1.386235531499E-01
     296 -1.000314668775E-01
      76  1.658388171338E-02
     264 -9.414007366109E-02
      82  2.507870682374E-01
     292 -6.783155040770E-02
      81  6.290524729016E-02
     288 -6.237780495816E-03
      75  4.236393926613E-03
     260 -8.651947155442E-03
Nonmortar Node Wts  5.140923034585E-01  5.140923034585E-01  6.793309817984E-01  2.903142075515E-01
      83
      90  1.174654310967E-02
     248 -7.254624744832E-03
     244 -1.698012943409E-02
     240 -5.109984519192E-03
      89  7.272976564717E-02
      88  1.886997976032E-02
     236 -4.512059404970E-05
      78  2.507663686501E-03
      84  3.924937008727E-02
     276 -6.498466759568E-02
     304 -4.839652193673E-02
     272 -1.443609166340E-01
     300 -1.060457963265E-01
      77  1.518956635578E-02
     268 -4.226553553366E-02
      83  2.400733936698E-01
     296 -3.065128345809E-02
      82  6.235727858827E-02
     292 -2.631270112509E-04
      76  4.000823717110E-03
     264 -3.666768337521E-04
Nonmortar Node Wts  4.667243846219E-01  4.667243846219E-01  6.212055783374E-01  2.981007205026E-01
      84
     248 -3.639516634469E-03
      90  7.458322232855E-03
      89  1.174654310967E-02
     244 -1.363096729159E-03
      78  1.630385888790E-03
     276 -3.447132353996E-02
      84  2.530938200209E-02
     304 -2.610820074407E-02
      83  3.924937008727E-02
     300 -9.602896287338E-03
      77  2.507663686501E-03
     272 -1.271663307218E-02
Nonmortar Node Wts  8.790166700718E-02  8.790166700718E-02  1.168056258230E-01  2.963404691906E-01
      85
     172 -6.017343701827E-06
      92  1.066858744114E-02
     200 -3.500629356880E-03
      91  6.075318864491E-03
     196 -9.677197809857E-03
     168 -1.327152538889E-05
     284 -5.407442361085E-04
     280 -1.497464318575E-03
      80  1.174654406046E-02
     228 -1.519413037237E-02
      86  4.517410712719E-02
     256 -9.509507133959E-03
      85  2.742496734532E-02
     252 -2.634187308551E-02
      79  7.458322281284E-03
     224 -4.226701193753E-02
Nonmortar Node Wts  1.085478471199E-01  1.085478471199E-01  1.085478471199E-01  3.835484952315E-16
      86
     180 -5.077231582381E-07
     208 -1.407666769708E-04
     176 -5.508593662673E-05
     204 -1.509456215920E-02
      93  1.886969892936E-02
     172 -1.572120447382E-04
      92  7.188620965036E-02
     200 -4.998962732928E-02
      91  1.066858744114E-02
     196 -2.188711469463E-02
     168 -4.191070081712E-05
     292 -1.338353509952E-05
     288 -1.589171174890E-03
     236 -4.969430182144E-04
     264 -2.674337624945E-04
     232 -5.495807503491E-02
     260 -3.060236255079E-02
      81  1.886998120156E-02
      87  7.547942764833E-02
     284 -5.738344404737E-03
     280 -2.745431006403E-03
      80  7.272977530111E-02
     228 -1.878323399944E-01
      86  2.895517364263E-01
     256 -1.067774026250E-01
      85  4.517410712719E-02
     252 -5.013376973950E-02
      79  1.174654406046E-02
     224 -8.645462367407E-02
Nonmortar Node Wts  6.149760677858E-01  6.149760677858E-01  6.149760677858E-01  7.221243770493E-16
      87
     184 -1.025673832663E-05
     212 -3.054110617066E-03
      94  1.886988019184E-02
     180 -1.126800318504E-04
     208 -3.359358453889E-02
     176 -1.763456048201E-04
     204 -4.968824210182E-02
     172 -5.101998152153E-05
      93  7.547914545420E-02
     200 -1.376121962971E-02
      92  1.886969892936E-02
     196 -8.303868397073E-05
     168 -3.094058496403E-07
     296 -3.155487669805E-04
     240 -1.128346198901E-02
     268 -6.260379812510E-03
      82  1.887054331009E-02
      88  7.548096641545E-02
     292 -3.430975278156E-03
     288 -5.108246564106E-03
     284 -1.423261308846E-03
     280 -6.588639027927E-06
     236 -1.234634376063E-01
     264 -6.822945779976E-02
     232 -1.814679003540E-01
     260 -1.003392484202E-01
      81  7.548108808616E-02
     228 -4.970154596239E-02
      87  3.019208406760E-01
     256 -2.735515251966E-02
      86  7.547942764833E-02
     252 -1.331818002616E-04
      80  1.886998120156E-02
     224 -2.723777579152E-04
Nonmortar Node Wts  6.793215719130E-01  6.793215719130E-01  6.793215719130E-01  9.805868712505E-16
      88
     192 -3.094050274777E-07
     220 -8.303863728222E-05
     188 -5.101979309003E-05
     216 -1.376121478590E-02
      95  1.886969753530E-02
     184 -1.763449851310E-04
     212 -4.968823266218E-02
     180 -1.126798369211E-04
      94  7.547913777428E-02
     208 -3.359357023114E-02
      93  1.886988019184E-02
     204 -3.054106763681E-03
     176 -1.025673777791E-05
     304 -6.588599195631E-06
     300 -1.423260327372E-03
     248 -2.723769794466E-04
     276 -1.331812743876E-04
     244 -4.970152616450E-02
     272 -2.735514139452E-02
      83  1.886997976032E-02
      89  7.547942255222E-02
     296 -5.108247172720E-03
     292 -3.430976170469E-03
     288 -3.155488789758E-04
     240 -1.814679211363E-01
     268 -1.003392660347E-01
      82  7.548108691517E-02
     236 -1.234634335062E-01
      88  3.019208241231E-01
     264 -6.822946372731E-02
      87  7.548096641545E-02
     260 -6.260378010602E-03
      81  1.887054331009E-02
     232 -1.128345536290E-02
Nonmortar Node Wts  6.793215385778E-01  6.793215385778E-01  6.793215385778E-01  1.144018072597E-15
      89
      96  1.066858725156E-02
     192 -4.191043247057E-05
     220 -2.188709567896E-02
     188 -1.572113087116E-04
     216 -4.998959609429E-02
     184 -5.508567726096E-05
      95  7.188620729206E-02
     212 -1.509455267002E-02
      94  1.886969753530E-02
     208 -1.407663498466E-04
     180 -5.077191177920E-07
      84  1.174654310967E-02
      90  4.517410480659E-02
     304 -2.745432177752E-03
     300 -5.738346444079E-03
     296 -1.589172790393E-03
     292 -1.338357991447E-05
     248 -8.645458724728E-02
     276 -5.013376895490E-02
     244 -1.878323231089E-01
     272 -1.067774249286E-01
      83  7.272976564717E-02
     240 -5.495809440828E-02
      89  2.895517134872E-01
     268 -3.060238417650E-02
      88  7.547942255222E-02
     264 -2.674342722497E-04
      82  1.886997976032E-02
     236 -4.969434225795E-04
Nonmortar Node Wts  6.149760214421E-01  6.149760214421E-01  6.149760214421E-01  3.610622157338E-16
      90
     192 -1.327141919096E-05
      96  6.075318918101E-03
     220 -9.677188467820E-03
      95  1.066858725156E-02
     216 -3.500626271032E-03
     188 -6.017301152156E-06
     304 -1.497466049719E-03
     300 -5.407450058191E-04
      84  7.458322232855E-03
     248 -4.226700191742E-02
      90  2.742496728714E-02
     276 -2.634188232848E-02
      89  4.517410480659E-02
     272 -9.509513531169E-03
      83  1.174654310967E-02
     244 -1.519413131412E-02
Nonmortar Node Wts  1.085478436059E-01  1.085478436059E-01  1.085478436059E-01  4.474732589225E-15
      91
     144 -3.209473695080E-04
      98  9.049217229215E-03
      97  4.349992775804E-03
     140 -9.479328384288E-04
     256 -2.310024540175E-05
     252 -7.410526281937E-05
     228 -4.234731404812E-03
     224 -1.230401450525E-02
      86  1.066858744114E-02
     172 -5.796244731993E-03
      92  3.949345942700E-02
     200 -1.264467645081E-02
      91  2.076057780308E-02
     196 -3.684221956955E-02
      85  6.075318864491E-03
     168 -1.720918116215E-02
Nonmortar Node Wts  9.039715354072E-02  9.039715354072E-02  9.039715354072E-02  4.605605574150E-16
      92
     152 -1.973801795711E-05
     148 -2.223697858630E-03
      99  1.887041785503E-02
     144 -6.914269395661E-03
      98  7.035851931664E-02
      97  9.049217229215E-03
     140 -2.894851318856E-03
     264 -4.461796638994E-07
     260 -4.823202427456E-05
     236 -1.384447387903E-04
     232 -1.483030132304E-02
     180 -2.722573928023E-04
     208 -4.980229029251E-04
     176 -2.972572307446E-02
     204 -5.270357553088E-02
      87  1.886969892936E-02
      93  7.548020535436E-02
     256 -1.969674821326E-04
     252 -1.319525714167E-04
     228 -5.173271525133E-02
     224 -2.582393085721E-02
      86  7.188620965036E-02
     172 -9.932060952206E-02
      92  2.846782854196E-01
     200 -1.794742249145E-01
      91  3.949345942700E-02
     196 -8.628817800390E-02
      85  1.066858744114E-02
     168 -4.611646226219E-02
Nonmortar Node Wts  5.993546006227E-01  5.993546006227E-01  5.993546006227E-01  7.409456928981E-16
      93
     156 -5.080124177043E-04
     100  1.887038317291E-02
     152 -5.422379004351E-03
     148 -8.016507329357E-03
     144 -2.260950842343E-03
      99  7.548156467354E-02
      98  1.887041785503E-02
     140 -2.171946197843E-05
     268 -1.093111673906E-05
     240 -3.095832116792E-03
     184 -6.349475592740E-03
     212 -1.093849427219E-02
      88  1.886988019184E-02
      94  7.548031537236E-02
     264 -1.201874169049E-04
     260 -1.645958307809E-04
     256 -4.364882046845E-05
     252 -2.603946877682E-07
     236 -3.404601830868E-02
     232 -4.935987777312E-02
     228 -1.347771742364E-02
     224 -8.125762620837E-05
     180 -6.903976126408E-02
     208 -1.204182792705E-01
     176 -1.017074202833E-01
     204 -1.757339399933E-01
      87  7.547914545420E-02
     172 -2.906345840498E-02
      93  3.019209411108E-01
     200 -4.885720517186E-02
      92  7.548020535436E-02
     196 -3.367297148375E-04
      86  1.886969892936E-02
     168 -2.478922628457E-04
Nonmortar Node Wts  6.793225521144E-01  6.793225521144E-01  6.793225521144E-01  8.171545469597E-16
      94
     164 -2.171939569994E-05
     160 -2.260947627815E-03
     101  1.887041799020E-02
     156 -8.016500975772E-03
     152 -5.422376914336E-03
     100  7.548156494384E-02
      99  1.887038317291E-02
     148 -5.080122475467E-04
     276 -2.603948751647E-07
     272 -4.364892948571E-05
     248 -8.125760754898E-05
     244 -1.347772432856E-02
     192 -2.478919519707E-04
     220 -3.367300547307E-04
     188 -2.906344792337E-02
     216 -4.885722736886E-02
      89  1.886969753530E-02
      95  7.548020232964E-02
     268 -1.645960365520E-04
     264 -1.201874371903E-04
     260 -1.093111008122E-05
     240 -4.935990205347E-02
     236 -3.404601338705E-02
     232 -3.095828116203E-03
     184 -1.017074111074E-01
     212 -1.757339949297E-01
      88  7.547913777428E-02
     180 -6.903973969055E-02
      94  3.019209252777E-01
     208 -1.204182319695E-01
      93  7.548031537236E-02
     204 -1.093847434821E-02
      87  1.886988019184E-02
     176 -6.349468681543E-03
Nonmortar Node Wts  6.793225245881E-01  6.793225245881E-01  6.793225245881E-01  8.171545800710E-16
      95
     102  9.049216101724E-03
     164 -2.894845987086E-03
     160 -6.914260464817E-03
     156 -2.223696103570E-03
     101  7.035851820189E-02
     100  1.887041799020E-02
     152 -1.973800787654E-05
      90  1.066858725156E-02
      96  3.949345718462E-02
     276 -1.319531813901E-04
     272 -1.969682917733E-04
     268 -4.823216120710E-05
     264 -4.461807046346E-07
     248 -2.582394789458E-02
     244 -5.173274801892E-02
     240 -1.483030854536E-02
     236 -1.384446412509E-04
     192 -4.611643373073E-02
     220 -8.628818985699E-02
     188 -9.932056873515E-02
     216 -1.794742419888E-01
      89  7.188620729206E-02
     184 -2.972571458610E-02
      95  2.846782766427E-01
     212 -5.270356358953E-02
      94  7.548020232964E-02
     208 -4.980215179653E-04
      88  1.886969753530E-02
     180 -2.722570458927E-04
Nonmortar Node Wts  5.993545805297E-01  5.993545805297E-01  5.993545805297E-01  7.409457177378E-16
      96
     164 -9.479308808226E-04
     102  4.349991762351E-03
     101  9.049216101724E-03
     160 -3.209468196544E-04
     276 -7.410563360828E-05
     272 -2.310036343819E-05
     248 -1.230402393162E-02
     244 -4.234734816850E-03
      90  6.075318918101E-03
     192 -1.720916856938E-02
      96  2.076057636929E-02
     220 -3.684222039096E-02
      95  3.949345718462E-02
     216 -1.264467515173E-02
      89  1.066858725156E-02
     188 -5.796241029592E-03
Nonmortar Node Wts  9.039714758765E-02  9.039714758765E-02  9.039714758765E-02  4.759126073365E-15
      97
     200 -1.056758627309E-03
     196 -3.315191767845E-03
      92  9.049217229215E-03
     144 -1.998130419497E-03
      98  1.742180804601E-02
     172 -6.410238997833E-03
      97  8.066045539176E-03
     168 -2.000775218495E-02
      91  4.349992775804E-03
     140 -6.098991592771E-03
Nonmortar Node Wts  3.888706359021E-02  3.888706359021E-02  7.072564841663E-02  6.432047058338E-01
      98
     208 -3.730772246854E-05
     204 -4.043591657422E-03
     152 -1.078725164168E-04
     180 -2.715817861233E-04
     148 -1.251733833212E-02
     176 -3.095338018745E-02
      93  1.887041785503E-02
      99  3.774082911340E-02
     200 -1.473495361116E-02
     196 -8.102812032742E-03
      92  7.035851931664E-02
     144 -4.066623885665E-02
      98  1.399936265487E-01
     172 -1.086965162196E-01
      97  1.742180804601E-02
     168 -5.496957040035E-02
      91  9.049217229215E-03
     140 -1.833325478650E-02
Nonmortar Node Wts  2.934344181090E-01  2.934344181090E-01  5.532297415073E-01  6.836127905273E-01
      99
     212 -8.676814038125E-04
     156 -2.890193957049E-03
     184 -6.801040557496E-03
      94  1.887038317291E-02
     100  3.774075401483E-02
     208 -9.493377054769E-03
     204 -1.371481474508E-02
     200 -3.927513428944E-03
     196 -3.343796819552E-05
     152 -3.069765257634E-02
     180 -7.321178845957E-02
     148 -4.529736960990E-02
     176 -1.076210463462E-01
      93  7.548156467354E-02
     144 -1.302359321802E-02
      99  1.509630914914E-01
     172 -3.164005914113E-02
      98  3.774082911340E-02
     168 -3.135734685946E-04
      92  1.887041785503E-02
     140 -1.338983859915E-04
Nonmortar Node Wts  3.396670403211E-01  3.396670403211E-01  6.371987792104E-01  6.779893186773E-01
     100
     220 -3.343798840380E-05
     216 -3.927517667115E-03
     164 -1.338980470581E-04
     192 -3.135730083376E-04
     160 -1.302358071508E-02
     188 -3.164005838084E-02
      95  1.887041799020E-02
     101  3.774082958653E-02
     212 -1.371482959251E-02
     208 -9.493376899558E-03
     204 -8.676797729049E-04
     156 -4.529735164080E-02
     184 -1.076210849577E-01
      94  7.548156494384E-02
     152 -3.069764434591E-02
     100  1.509630924376E-01
     180 -7.321178339381E-02
      99  3.774075401483E-02
     176 -6.801033402819E-03
      93  1.887038317291E-02
     148 -2.890192333077E-03
Nonmortar Node Wts  3.396670421459E-01  3.396670421459E-01  6.371988110009E-01  6.779893687097E-01
     101
      96  9.049216101724E-03
     102  1.742180495710E-02
     220 -8.102820703475E-03
     216 -1.473496831754E-02
     212 -4.043595402073E-03
     208 -3.730770139338E-05
     164 -1.833323234540E-02
     192 -5.496956699792E-02
     160 -4.066620636111E-02
     188 -1.086965311566E-01
      95  7.035851820189E-02
     156 -1.251733410386E-02
     101  1.399936247629E-01
     184 -3.095339412590E-02
     100  3.774082958653E-02
     180 -2.715818766474E-04
      94  1.887041799020E-02
     152 -1.078725084804E-04
Nonmortar Node Wts  2.934344116004E-01  2.934344116004E-01  5.532297402604E-01  6.836128129255E-01
     102
     220 -3.315195307559E-03
     216 -1.056759674822E-03
      96  4.349991762351E-03
     164 -6.098983047930E-03
     102  8.066042656717E-03
     192 -2.000775000017E-02
     101  1.742180495710E-02
     188 -6.410239263600E-03
      95  9.049216101724E-03
     160 -1.998128183804E-03
Nonmortar Node Wts  3.888705547789E-02  3.888705547789E-02  7.072562996763E-02  6.432046471952E-01
