   4.14492416381840     
   4.14492416381840     
   4.14492416381840     
   4.14492416381840     
   4.14492464065550     
   4.14492464065550     
   3.70453214645390     
   3.70453214645390     
   3.70453214645390     
   3.70453214645390     
   3.70453214645390     
   3.70453238487240     
   3.18333125114440     
   3.18333125114440     
   3.18333125114440     
   3.18333148956300     
   3.18333148956300     
   3.18333148956300     
   2.60603094100950     
   2.60603094100950     
   2.60603094100950     
   2.60603094100950     
   2.60603117942810     
   2.60603117942810     
   2.00000000000000     
   2.00000023841860     
   2.00000023841860     
   2.00000023841860     
   2.00000023841860     
   2.00000023841860     
   1.39396917819980     
   1.39396929740910     
   1.39396929740910     
   1.39396929740910     
   1.39396929740910     
   1.39396941661830     
  0.816668987274170     
  0.816668987274170     
  0.816668987274170     
  0.816669106483460     
  0.816669106483460     
  0.816669225692750     
  0.295468091964720     
  0.295468091964720     
  0.295468091964720     
  0.295468211174010     
  0.295468211174010     
  0.295468330383300     
 -0.144924402236940     
 -0.144924402236940     
 -0.144924402236940     
 -0.144924402236940     
 -0.144924163818360     
 -0.144924163818360     
   4.29813347985538     
   4.29813299414527     
   4.29813310197004     
   4.29813310196997     
   4.29813347098261     
   4.29813395669242     
   3.82628361676446     
   3.82628580744999     
   3.82628512522966     
   3.82628512522967     
   3.82628580744935     
   3.82628385518332     
   3.26785881917253     
   3.26784836677318     
   3.26785147196620     
   3.26785171038512     
   3.26784860519021     
   3.26785905759146     
   2.64932258209001     
   2.64929782386419     
   2.64930261465740     
   2.64930261466349     
   2.64929806228422     
   2.64932282050739     
   1.99999982907825     
   1.99999736417206     
   1.99999351831634     
   1.99999351831597     
   1.99999736417712     
   2.00000006749525     
   1.35067834944278     
   1.35069281541217     
   1.35068596013188     
   1.35068596013413     
   1.35069293462016     
   1.35067858786180     
  0.732141721268792     
  0.732150705503571     
  0.732147800812939     
  0.732147920022721     
  0.732150824712807     
  0.732141959687865     
  0.173716504794947     
  0.173714716183510     
  0.173715318208464     
  0.173715437417826     
  0.173714835392731     
  0.173716743213459     
 -0.298133438379740     
 -0.298133096749611     
 -0.298133177050869     
 -0.298133177050924     
 -0.298132858331019     
 -0.298133199961163     
 -0.499990791082380     
 -0.706747666534169     
 -0.675474561280067     
 -0.584617206753220     
 -0.499990791082380     
 -0.682436950876466     
 -0.644898975185604     
 -0.550232683621038     
 -0.499990791082380     
 -0.676103079524974     
 -0.635841374415932     
 -0.528109507803627     
 -0.499990791082380     
 -0.675905491670533     
 -0.633064131859459     
 -0.526348161134753     
 -0.499990791082380     
 -0.676103076887803     
 -0.635841373387747     
 -0.528109511402130     
 -0.499990791082380     
 -0.682436949355179     
 -0.644898977653673     
 -0.550232694576157     
 -0.499990791082380     
 -0.706747660197471     
 -0.675474556002545     
 -0.584617210262265     
 -4.999172687530500E-002
 -0.242698677457299     
 -0.250569937091453     
 -0.120709875272441     
 -4.999172687530500E-002
 -0.216404805274090     
 -0.217081076604533     
 -8.847303011813019E-002
 -4.999172687530500E-002
 -0.214109063490543     
 -0.209689581378342     
 -7.475661307926598E-002
 -4.999172687530500E-002
 -0.216084339654330     
 -0.209039432463973     
 -7.460672669408380E-002
 -4.999172687530500E-002
 -0.214109061708565     
 -0.209689579439563     
 -7.475661607381326E-002
 -4.999172687530500E-002
 -0.216404805791124     
 -0.217081077376025     
 -8.847304069881828E-002
 -4.999172687530500E-002
 -0.242698674128828     
 -0.250569930145776     
 -0.120709878832742     
  0.400007337331770     
  0.219934304562160     
  0.194170696726381     
  0.333162108440091     
  0.400007337331770     
  0.247995749851593     
  0.229803740470456     
  0.363536870016415     
  0.400007337331770     
  0.248364778000569     
  0.232991589013625     
  0.368273804759498     
  0.400007307529450     
  0.246426768411680     
  0.232054605868234     
  0.368004669414511     
  0.400007337331770     
  0.248364777351647     
  0.232991591113004     
  0.368273803781300     
  0.400007337331770     
  0.247995747110501     
  0.229803741469945     
  0.363536862709264     
  0.400007337331770     
  0.219934300501791     
  0.194170699732307     
  0.333162105996185     
  0.850006341934200     
  0.697525943501842     
  0.643939837779310     
  0.789448667177193     
  0.850006341934200     
  0.723065075779560     
  0.678374272632281     
  0.818284896303049     
  0.850006341934200     
  0.723738413177712     
  0.675994129444470     
  0.816187126546873     
  0.850006341934200     
  0.721531645831550     
  0.672815347858152     
  0.814534422939622     
  0.850006341934200     
  0.723738408882703     
  0.675994126397422     
  0.816187123154036     
  0.850006341934200     
  0.723065071970901     
  0.678374272511486     
  0.818284893855662     
  0.850006341934200     
  0.697525942363631     
  0.643939846690059     
  0.789448674438817     
   1.30000543594360     
   1.18983689476623     
   1.13124201296134     
   1.24430590159149     
   1.30000543594360     
   1.20789998017099     
   1.15880186041700     
   1.27057982063414     
   1.30000543594360     
   1.20909837050179     
   1.15262115840002     
   1.26939791826735     
   1.30000543594360     
   1.20755628082340     
   1.14845093267445     
   1.26633550118511     
   1.30000543594360     
   1.20909836655695     
   1.15262115572201     
   1.26939791241468     
   1.30000543594360     
   1.20789996996980     
   1.15880184562558     
   1.27057981277722     
   1.30000543594360     
   1.18983688553030     
   1.13124200336907     
   1.24430589942724     
   1.75000441074370     
   1.69545405823342     
   1.66228582731305     
   1.72198287756791     
   1.75000441074370     
   1.70361100207158     
   1.67626729774183     
   1.73725713124146     
   1.75000441074370     
   1.70458655810936     
   1.67226899463559     
   1.74095872569067     
   1.75000452995300     
   1.70420512993899     
   1.67007411953517     
   1.74020241958089     
   1.75000441074370     
   1.70458655275166     
   1.67226898769578     
   1.74095872301625     
   1.75000441074370     
   1.70361098949730     
   1.67626727446895     
   1.73725712592674     
   1.75000441074370     
   1.69545404762508     
   1.66228580886023     
   1.72198287594330     
   2.20000362396240     
   2.20785454171067     
   2.21493833593646     
   2.19346942118264     
   2.20000362396240     
   2.20486351428331     
   2.21061795699490     
   2.19016384148823     
   2.20000362396240     
   2.20545007510592     
   2.21403667609804     
   2.19668176656060     
   2.20000362396240     
   2.20563211568257     
   2.21598449753342     
   2.20122734073780     
   2.20000362396240     
   2.20545007028953     
   2.21403666109945     
   2.19668175774364     
   2.20000362396240     
   2.20486350569239     
   2.21061793308788     
   2.19016383919756     
   2.20000362396240     
   2.20785453191611     
   2.21493830548212     
   2.19346942118730     
   2.65000271797180     
   2.71292424638383     
   2.75788718705868     
   2.66578621867230     
   2.65000271797180     
   2.69977015455129     
   2.73743795267787     
   2.64993895625712     
   2.65000271797180     
   2.69917891197242     
   2.74639711831837     
   2.65885441868505     
   2.65000271797180     
   2.70040580068129     
   2.75150851772877     
   2.66559320335332     
   2.65000271797180     
   2.69917890964927     
   2.74639710815453     
   2.65885440868087     
   2.65000271797180     
   2.69977015168690     
   2.73743794054079     
   2.64993895677526     
   2.65000271797180     
   2.71292423672567     
   2.75788715870250     
   2.66578621438403     
   3.10000205039980     
   3.20332489711609     
   3.25595557847881     
   3.11616682728124     
   3.10000205039980     
   3.18171541402024     
   3.22601458305828     
   3.09520056383955     
   3.10000205039980     
   3.18060302534624     
   3.23337956299708     
   3.10507568931859     
   3.10000205039980     
   3.18263504792225     
   3.23793602101585     
   3.10959704654611     
   3.10000205039980     
   3.18060302191218     
   3.23337956047217     
   3.10507568627924     
   3.10000205039980     
   3.18171541723187     
   3.22601459148514     
   3.09520057057811     
   3.10000205039980     
   3.20332489609460     
   3.25595558955609     
   3.11616684107695     
   3.55000090599060     
   3.67709155090475     
   3.70319635701389     
   3.56621700617162     
   3.55000090599060     
   3.65016133579868     
   3.67152606471775     
   3.54093671537299     
   3.55000090599060     
   3.64928738750887     
   3.67235584833320     
   3.54581973428784     
   3.55000066757200     
   3.65104608167035     
   3.67463436256757     
   3.54889342936691     
   3.55000090599060     
   3.64928738691450     
   3.67235585692676     
   3.54581973693998     
   3.55000090599060     
   3.65016134056554     
   3.67152608378840     
   3.54093671881703     
   3.55000090599060     
   3.67709154696232     
   3.70319636861532     
   3.56621700514719     
   4.00000000000000     
   4.13074486578042     
   4.13065628270743     
   4.03101938984052     
   4.00000000000000     
   4.10310210000912     
   4.10294600248111     
   4.00574526943230     
   4.00000000000000     
   4.10147078570509     
   4.09788985085574     
   4.00229492979967     
   4.00000000000000     
   4.10249806496137     
   4.09811812826411     
   4.00387133665191     
   4.00000000000000     
   4.10147078836584     
   4.09788985843548     
   4.00229492859781     
   4.00000000000000     
   4.10310210768668     
   4.10294601755182     
   4.00574526767873     
   4.00000000000000     
   4.13074487061465     
   4.13065629798943     
   4.03101938681641     
   4.44999933242800     
   4.56848257602521     
   4.56010633414876     
   4.49448291528458     
   4.44999933242800     
   4.54381090888310     
   4.53849259308266     
   4.47386685829746     
   4.44999933242800     
   4.54071083352566     
   4.53083816872827     
   4.46544816567904     
   4.44999885559080     
   4.54097702556920     
   4.52950610402642     
   4.46452994785901     
   4.44999933242800     
   4.54071083746202     
   4.53083817315671     
   4.46544816441519     
   4.44999933242800     
   4.54381091808372     
   4.53849260386472     
   4.47386685918112     
   4.44999933242800     
   4.56848258395807     
   4.56010634379010     
   4.49448291313072     
   4.89999818801880     
   4.99942156353217     
   4.99380630133767     
   4.95383303510357     
   4.89999818801880     
   4.97978916071299     
   4.97789621664928     
   4.93854823116771     
   4.89999818801880     
   4.97563651989936     
   4.97018625640133     
   4.92864865521111     
   4.89999818801880     
   4.97525278076072     
   4.96805642142469     
   4.92637239298199     
   4.89999818801880     
   4.97563652321393     
   4.97018625960734     
   4.92864865464842     
   4.89999818801880     
   4.97978916987359     
   4.97789622503427     
   4.93854823299956     
   4.89999818801880     
   4.99942157150511     
   4.99380630861846     
   4.95383303474284     
   5.34999752044680     
   5.42979491431816     
   5.43069055825220     
   5.40975596259525     
   5.34999752044680     
   5.41550751985993     
   5.41945126764047     
   5.39929316969524     
   5.34999752044680     
   5.41120054146589     
   5.41272847246487     
   5.39013160696239     
   5.34999752044680     
   5.41038839823369     
   5.41052929616092     
   5.38742770385478     
   5.34999752044680     
   5.41120054512291     
   5.41272847665623     
   5.39013160907289     
   5.34999752044680     
   5.41550753001451     
   5.41945127743741     
   5.39929317686829     
   5.34999752044680     
   5.42979492202119     
   5.43069056371304     
   5.40975596263741     
   5.79999685287480     
   5.86262880251525     
   5.87012497553839     
   5.86308415324788     
   5.79999685287480     
   5.85294984544006     
   5.86261282863489     
   5.85630615586625     
   5.79999685287480     
   5.84911025908090     
   5.85723067582389     
   5.84881838116131     
   5.79999685287480     
   5.84815530744256     
   5.85527727070015     
   5.84630286443446     
   5.79999685287480     
   5.84911026218758     
   5.85723067962902     
   5.84881838453324     
   5.79999685287480     
   5.85294985375255     
   5.86261283654817     
   5.85630616194305     
   5.79999685287480     
   5.86262880834363     
   5.87012497984826     
   5.86308415503592     
   6.24999570846560     
   6.29892662849747     
   6.31189753851668     
   6.31465299561697     
   6.24999570846560     
   6.29283614633454     
   6.30714583341893     
   6.31047282476177     
   6.24999570846560     
   6.28972266963528     
   6.30308736329034     
   6.30482857725491     
   6.24999523162840     
   6.28880172621949     
   6.30150999398382     
   6.30274018817007     
   6.24999570846560     
   6.28972267150601     
   6.30308736482957     
   6.30482857806769     
   6.24999570846560     
   6.29283615024169     
   6.30714583717906     
   6.31047282725335     
   6.24999570846560     
   6.29892663262210     
   6.31189754201551     
   6.31465299793602     
   6.69999504089360     
   6.73871232840449     
   6.75583293459464     
   6.76529308094193     
   6.69999504089360     
   6.73522716208553     
   6.75297099810674     
   6.76276257003946     
   6.69999504089360     
   6.73284544746196     
   6.75004208296778     
   6.75872887737364     
   6.69999504089360     
   6.73205489739700     
   6.74883112910601     
   6.75713755028422     
   6.69999504089360     
   6.73284544886033     
   6.75004208430791     
   6.75872887836604     
   6.69999504089360     
   6.73522716521543     
   6.75297100136836     
   6.76276257269128     
   6.69999504089360     
   6.73871233148035     
   6.75583293759075     
   6.76529308308102     
   7.14999389648440     
   7.18158388323723     
   7.20186602961775     
   7.21548413352830     
   7.14999389648440     
   7.17992142396120     
   7.20010420895429     
   7.21389882288149     
   7.14999389648440     
   7.17817961872725     
   7.19802954307666     
   7.21113668276031     
   7.14999389648440     
   7.17752936811301     
   7.19717228200009     
   7.20994762138992     
   7.14999389648440     
   7.17817961925703     
   7.19802954369337     
   7.21113668321230     
   7.14999389648440     
   7.17992142558514     
   7.20010421045812     
   7.21389882413316     
   7.14999389648440     
   7.18158388562328     
   7.20186603233757     
   7.21548413633660     
   7.59999322891240     
   7.62723781820426     
   7.64971029532308     
   7.66572514449475     
   7.59999322891240     
   7.62680038168406     
   7.64839757161450     
   7.66468070316044     
   7.59999322891240     
   7.62555689802515     
   7.64705563035877     
   7.66272176933723     
   7.59999370574950     
   7.62512814906828     
   7.64643451663963     
   7.66181543980290     
   7.59999322891240     
   7.62555689904475     
   7.64705563180479     
   7.66272177099868     
   7.59999275207520     
   7.62679943396674     
   7.64839662271287     
   7.66468022881900     
   7.59999322891240     
   7.62723781982706     
   7.64971029801349     
   7.66572514681805     
   8.04999256134030     
   8.07545401096684     
   8.09937055880914     
   8.11528577932617     
   8.04999256134030     
   8.07586297128464     
   8.09822771581744     
   8.11433141679186     
   8.04999256134030     
   8.07519901643509     
   8.09751551725544     
   8.11258559762721     
   8.04999160766600     
   8.07493660396348     
   8.09704594448235     
   8.11188953215986     
   8.04999256134030     
   8.07519901716641     
   8.09751551824282     
   8.11258559884011     
   8.04999256134030     
   8.07586297249290     
   8.09822771751651     
   8.11433141917929     
   8.04999256134030     
   8.07545401275272     
   8.09937056120887     
   8.11528578204378     
   8.49999046325680     
   8.52816613119505     
   8.54690161526047     
   8.56709991367834     
   8.49999046325680     
   8.52930604241109     
   8.54575226395280     
   8.56615570936756     
   8.49999046325680     
   8.52951560040091     
   8.54537010486217     
   8.56437089263182     
   8.49999046325680     
   8.52929949768454     
   8.54516921522588     
   8.56389358652851     
   8.49999046325680     
   8.52951560096918     
   8.54537010564037     
   8.56437089390690     
   8.49999046325680     
   8.52930604325539     
   8.54575226568885     
   8.56615571175873     
   8.49999046325680     
   8.52816613254730     
   8.54690161778724     
   8.56709991626884     
