  -1.10000014305110     
 -6.000015512108800E-002
  0.979999780654910     
   2.01999998092650     
   3.05999994277950     
   4.09999990463260     
  -1.10000014305110     
 -6.000013649463700E-002
  0.979999840259550     
   2.01999998092650     
   3.05999994277950     
   4.09999990463260     
  -1.10000002384190     
 -6.000011414289500E-002
  0.979999840259550     
   2.01999998092650     
   3.05999994277950     
   4.09999990463260     
  -1.10000002384190     
 -6.000008806586300E-002
  0.979999899864200     
   2.01999998092650     
   3.05999994277950     
   4.09999990463260     
  -1.10000002384190     
 -6.000006198883100E-002
  0.979999899864200     
   2.01999998092650     
   3.05999994277950     
   4.09999990463260     
  -1.10000002384190     
 -6.000003591179800E-002
  0.979999899864200     
   2.01999998092650     
   3.05999994277950     
   4.09999990463260     
  -1.10000002384190     
 -6.000000983476600E-002
  0.979999959468840     
   2.01999998092650     
   3.05999994277950     
   4.09999990463260     
  -1.09999990463260     
 -5.999998748302500E-002
  0.979999959468840     
   2.01999998092650     
   3.05999994277950     
   4.09999990463260     
  -1.09999990463260     
 -5.999996885657300E-002
  0.980000019073490     
   2.01999998092650     
   3.05999994277950     
   4.09999990463260     
  -1.10000026626398     
 -6.000023506469742E-002
  0.979999698537063     
   2.02000006304432     
   3.06000001527258     
   4.10000002784550     
  -1.09999996038841     
 -5.999988600474278E-002
  0.980000013615004     
   2.01999980757110     
   3.05999968856417     
   4.09999972196990     
  -1.10000025074347     
 -6.000153655694583E-002
  0.979999219182353     
   2.02000060200347     
   3.06000136146973     
   4.10000013153400     
  -1.09998702665615     
 -6.002154879439701E-002
  0.979985546595463     
   2.02001433419677     
   3.06002139978768     
   4.09998690744695     
  -1.09999325386980     
 -6.001954162358855E-002
  0.979981323206083     
   2.02001855758225     
   3.06001942241298     
   4.09999313466398     
  -1.09998828795522     
 -6.001738514486712E-002
  0.979987070305450     
   2.02001281048346     
   3.06001729573510     
   4.09998816874820     
  -1.10000022981122     
 -6.000118950931685E-002
  0.979999428679674     
   2.02000051171590     
   3.06000112617836     
   4.10000011060237     
  -1.09999974023800     
 -5.999978277681932E-002
  0.980000108275264     
   2.01999983212001     
   3.05999974179880     
   4.09999974023795     
  -1.10000001610899     
 -6.000001479147512E-002
  0.979999949388700     
   2.02000005061133     
   3.05999999616491     
   4.10000001610899     
 -0.499990791082380     
 -0.557265515826502     
 -0.502081316709237     
 -0.516371831275765     
  0.166672796010970     
  0.134660530598658     
  0.141834497139823     
  0.162050693092047     
  0.833336353302000     
  0.816395675982962     
  0.816356798912103     
  0.824663290719288     
   1.49999988079070     
   1.49999988099589     
   1.49999987811507     
   1.49999987418447     
   2.16666364669800     
   2.18360433019639     
   2.18364320187064     
   2.17533669952973     
   2.83332729339600     
   2.86533956538499     
   2.85816558861122     
   2.83794938624112     
   3.49999070167540     
   3.55726542426319     
   3.50208122426544     
   3.51637173166036     
 -0.499990791082380     
 -0.582009936258030     
 -0.534901096400233     
 -0.534849854718240     
  0.166672796010970     
  0.119557977336001     
  0.122429271758413     
  0.142635292487675     
  0.833336353302000     
  0.810239199407150     
  0.808997916798650     
  0.813660118241861     
   1.49999988079070     
   1.49999987999951     
   1.49999987787801     
   1.49999987428255     
   2.16666364669800     
   2.18976080599166     
   2.19100208498459     
   2.18633987292286     
   2.83332729339600     
   2.88044212059089     
   2.87757081719395     
   2.85736478814031     
   3.49999070167540     
   3.58200984357796     
   3.53490100170333     
   3.53484975398480     
 -0.499990791082380     
 -0.616517354958011     
 -0.580649387330896     
 -0.557048239204525     
  0.166672796010970     
  9.695536378783393E-002
  9.120962899418510E-002
  0.119710057963662     
  0.833336353302000     
  0.798323087751613     
  0.795244093936252     
  0.799820320855995     
   1.49999988079070     
   1.49999987774692     
   1.49999987684663     
   1.49999987303234     
   2.16666364669800     
   2.20167691947888     
   2.20475591240625     
   2.20017967433630     
   2.83332729339600     
   2.90304473585937     
   2.90879046360692     
   2.88029002230120     
   3.49999070167540     
   3.61651726524080     
   3.58064929235154     
   3.55704813678127     
 -0.499990791082380     
 -0.651692154268881     
 -0.630613461713726     
 -0.601954403260659     
  0.166672751307490     
  7.189239921700648E-002
  5.181181770538601E-002
  9.902346851848479E-002
  0.833336293697360     
  0.785123959104384     
  0.778380046009444     
  0.792543192324673     
   1.49999976158140     
   1.49999974828919     
   1.49999974736655     
   1.49999974717115     
   2.16666340827940     
   2.21487572926421     
   2.22161963889880     
   2.20745649470875     
   2.83332705497740     
   2.92810739969014     
   2.94818797977349     
   2.90097632788379     
   3.49999070167540     
   3.65169206226402     
   3.63061336579114     
   3.60195429425140     
 -0.499990791082380     
 -0.678957512218634     
 -0.685587904102888     
 -0.644322334011033     
  0.166672796010970     
  5.099550326211892E-002
  1.097843836812533E-002
  9.375987689547534E-002
  0.833336353302000     
  0.773764144921962     
  0.760328943016444     
  0.796429736402933     
   1.49999988079070     
   1.49999987419674     
   1.49999987426262     
   1.49999987702038     
   2.16666364669800     
   2.22623586090992     
   2.23967106834005     
   2.20357026448103     
   2.83332729339600     
   2.94900460323667     
   2.98902166557841     
   2.90624022375392     
   3.49999070167540     
   3.67895742238895     
   3.68558780236813     
   3.64432222933974     
 -0.499990791082380     
 -0.695059142257071     
 -0.726760966101267     
 -0.670087004033674     
  0.166672796010970     
  3.786908630077482E-002
 -1.618247704741418E-002
  8.408833569861310E-002
  0.833336353302000     
  0.766626487919611     
  0.747825666810360     
  0.798556821928996     
   1.49999988079070     
   1.49999987145808     
   1.49999987096241     
   1.49999987685359     
   2.16666364669800     
   2.23337351921448     
   2.25217434571966     
   2.20144318581849     
   2.83332729339600     
   2.96213101951201     
   3.01618258360896     
   2.91591176687855     
   3.49999070167540     
   3.69505905566062     
   3.72676086841967     
   3.67008690760236     
 -0.499990791082380     
 -0.697571350918856     
 -0.736217306464887     
 -0.673990454290277     
  0.166672870516780     
  3.548472956344223E-002
 -2.215744941768497E-002
  8.273498834887751E-002
  0.833336412906650     
  0.765146743980862     
  0.745260976099885     
  0.798756015264255     
   1.50000011920930     
   1.50000013325204     
   1.50000013693055     
   1.50000012582228     
   2.16666388511660     
   2.23485358663763     
   2.25473937082947     
   2.20124430693957     
   2.83332753181460     
   2.96451572070481     
   3.02215790789879     
   2.91726546567052     
   3.49999070167540     
   3.69757126619084     
   3.73621721599349     
   3.67399036951577     
 -0.499990791082380     
 -0.687270734875889     
 -0.708130304066454     
 -0.657957036294907     
  0.166672796010970     
  4.398630826028409E-002
 -5.084357126859840E-003
  9.156454724063777E-002
  0.833336353302000     
  0.769458032025654     
  0.753649610372824     
  0.796726070823735     
   1.49999988079070     
   1.49999987022012     
   1.49999986542699     
   1.49999987631003     
   2.16666364669800     
   2.23054197217212     
   2.24635039020418     
   2.20327393267891     
   2.83332729339600     
   2.95601379619086     
   3.00508446697478     
   2.90843555217058     
   3.49999070167540     
   3.68727064840470     
   3.70813022986311     
   3.65795695954690     
 -0.499990791082380     
 -0.666686494020583     
 -0.657225767970527     
 -0.622697426881387     
  0.166672870516780     
  6.032419356707715E-002
  3.216265394065206E-002
  9.063868310227911E-002
  0.833336412906650     
  0.778548484086832     
  0.769697511646957     
  0.789741208632383     
   1.50000000000000     
   1.49999999971194     
   1.49999999520394     
   1.50000000409550     
   2.16666388511660     
   2.22145183897907     
   2.23030281459331     
   2.21025910749681     
   2.83332753181460     
   2.93967624796954     
   2.96783778991765     
   2.90936174416955     
   3.49999070167540     
   3.66668641027840     
   3.65722569400785     
   3.62269736091861     
 -0.499990791082380     
 -0.637660727981488     
 -0.605101843692049     
 -0.576100095329187     
  0.166672796010970     
  8.220071844559609E-002
  7.171724924389425E-002
  0.106647007903511     
  0.833336353302000     
  0.790534719138698     
  0.786383507438008     
  0.793107806100174     
   1.49999988079070     
   1.49999987227062     
   1.49999986972180     
   1.49999987777807     
   2.16666364669800     
   2.20946527981489     
   2.21361648941822     
   2.20689220209958     
   2.83332729339600     
   2.91779938341716     
   2.92828285261679     
   2.89335309829965     
   3.49999070167540     
   3.63766064269711     
   3.60510176483087     
   3.57610002343920     
 -0.499990791082380     
 -0.603458671473683     
 -0.566685563194003     
 -0.542354218234792     
  0.166672796010970     
  0.105459801194523     
  0.103715174919698     
  0.133170722016929     
  0.833336353302000     
  0.802615927900535     
  0.800997527374546     
  0.806412726527236     
   1.49999988079070     
   1.49999987342645     
   1.49999987358454     
   1.49999988015943     
   2.16666364669800     
   2.19738407047430     
   2.19900247300999     
   2.19358728313752     
   2.83332729339600     
   2.89454029716945     
   2.89628492154061     
   2.86682937856762     
   3.49999070167540     
   3.60345859037063     
   3.56668548096536     
   3.54235414118170     
 -0.499990791082380     
 -0.571256306723811     
 -0.542279400687259     
 -0.520029052715600     
  0.166672796010970     
  0.125938944114587     
  0.127315915302387     
  0.151652865459119     
  0.833336353302000     
  0.812874837374934     
  0.813023901047547     
  0.819014051508305     
   1.49999988079070     
   1.49999987550041     
   1.49999987699764     
   1.49999988165140     
   2.16666364669800     
   2.18712516047148     
   2.18697609973718     
   2.18098595500584     
   2.83332729339600     
   2.87406115184423     
   2.87268417887343     
   2.84834723032804     
   3.49999070167540     
   3.57125622346010     
   3.54227931383954     
   3.52002897054128     
 -0.499990791082380     
 -0.546049041792761     
 -0.526161075753685     
 -0.506934142936069     
  0.166672825813290     
  0.141534366431710     
  0.143397562511151     
  0.162475913620953     
  0.833336353302000     
  0.820733937555917     
  0.821671073950777     
  0.827370891815093     
   1.50000000000000     
   1.49999999862096     
   1.49999999999824     
   1.50000000217560     
   2.16666364669800     
   2.17926606090294     
   2.17832892654535     
   2.17262911177568     
   2.83332729339600     
   2.85846575704185     
   2.85660255962964     
   2.83752420839925     
   3.49999070167540     
   3.54604895712960     
   3.52616098804000     
   3.50693405685649     
 -0.499990791082380     
 -0.528222517647339     
 -0.515534445866088     
 -0.500412035352648     
  0.166672810912130     
  0.152154889426281     
  0.153802191606704     
  0.167836251989464     
  0.833336412906650     
  0.826168085168736     
  0.827230970820066     
  0.832080265886243     
   1.50000000000000     
   1.49999999899371     
   1.49999999983837     
   1.50000000115880     
   2.16666388511660     
   2.17383221473602     
   2.17276933015069     
   2.16792003316888     
   2.83332753181460     
   2.84784545888410     
   2.84619815423336     
   2.83216409099816     
   3.49999070167540     
   3.52822243128010     
   3.51553435659984     
   3.50041194661757     
 -0.499990791082380     
 -0.516538345350341     
 -0.508856654429874     
 -0.497788337814334     
  0.166672870516780     
  0.158790826347522     
  0.160041808600990     
  0.169874870255793     
  0.833336412906650     
  0.829551644311621     
  0.830505160971039     
  0.834285052854779     
   1.50000011920930     
   1.50000011910277     
   1.50000011927153     
   1.50000011905469     
   2.16666388511660     
   2.17044865404947     
   2.16949513797865     
   2.16571524439768     
   2.83332753181460     
   2.84120957973967     
   2.83995859537379     
   2.83012553080155     
   3.49999070167540     
   3.51653825678296     
   3.50885656462023     
   3.49778824799842     
 -0.499990791082380     
 -0.509487633612841     
 -0.504949909363998     
 -0.497225304326519     
  0.166672796010970     
  0.162534493564997     
  0.163435470279754     
  0.170134661164507     
  0.833336353302000     
  0.831428044432474     
  0.832218467835634     
  0.835008811566529     
   1.49999988079070     
   1.49999987972017     
   1.49999988000742     
   1.49999988057740     
   2.16666364669800     
   2.16857195430932     
   2.16778153085561     
   2.16499118699880     
   2.83332729339600     
   2.83746559588072     
   2.83656461858024     
   2.82986542682662     
   3.49999070167540     
   3.50948754416463     
   3.50494981923016     
   3.49722521340571     
 -0.499990791082380     
 -0.505728327002895     
 -0.502899203667969     
 -0.497477091815541     
  0.166672825813290     
  0.164304861260871     
  0.165030947900456     
  0.169611126501382     
  0.833336353302000     
  0.832292184318797     
  0.832954694318278     
  0.834978756849762     
   1.49999988079070     
   1.49999987992142     
   1.49999987984038     
   1.49999988003145     
   2.16666364669800     
   2.16770781460001     
   2.16704530429267     
   2.16502124130396     
   2.83332729339600     
   2.83569525764418     
   2.83496917013623     
   2.83038899048603     
   3.49999070167540     
   3.50572823708014     
   3.50289911302014     
   3.49747700052237     
 -0.499990791082380     
 -0.504262965138834     
 -0.501861249793280     
 -0.497995330398347     
  0.166672751307490     
  0.164820262433433     
  0.165578398397383     
  0.168962446911843     
  0.833336353302000     
  0.832524317555279     
  0.833168968505705     
  0.834652258794018     
   1.49999988079070     
   1.49999987999445     
   1.49999987981286     
   1.49999987974962     
   2.16666340827940     
   2.16747544265435     
   2.16683079103036     
   2.16534750084422     
   2.83332705497740     
   2.83517954248197     
   2.83442140583043     
   2.83103735692953     
   3.49999070167540     
   3.50426287492325     
   3.50186115894090     
   3.49799523841980     
 -0.499990791082380     
 -0.504269450417502     
 -0.501334043770800     
 -0.498158869203357     
  0.166672840714450     
  0.164527347507004     
  0.165784040681922     
  0.168476022040615     
  0.833336353302000     
  0.832460076925167     
  0.833148777030117     
  0.834304618503495     
   1.50000000000000     
   1.49999999940076     
   1.49999999892938     
   1.49999999864230     
   2.16666388511660     
   2.16754016053541     
   2.16685145933159     
   2.16569561651430     
   2.83332753181460     
   2.83547302423467     
   2.83421633056757     
   2.83152434706232     
   3.49999070167540     
   3.50426935963029     
   3.50133395230277     
   3.49815877651613     
 -0.499990791082380     
 -0.505718189586606     
 -0.499769130205238     
 -0.498944760051737     
  0.166672766208650     
  0.163960037793182     
  0.166058371616000     
  0.168317391217401     
  0.833336353302000     
  0.832316572684917     
  0.833073514284441     
  0.834156823589894     
   1.49999988079070     
   1.49999987995013     
   1.49999987944327     
   1.49999987931921     
   2.16666364669800     
   2.16768342596242     
   2.16692648327445     
   2.16584317291114     
   2.83332729339600     
   2.83604002107243     
   2.83394168538192     
   2.83168266508994     
   3.49999070167540     
   3.50571809868358     
   3.49976903815734     
   3.49894466741559     
 -0.499990791082380     
 -0.507139290813468     
 -0.498096340050716     
 -0.499463162712971     
  0.166672796010970     
  0.163470255941306     
  0.166476620294623     
  0.168822160170717     
  0.833336353302000     
  0.832274457602985     
  0.833150294151753     
  0.834545507952304     
   1.49999988079070     
   1.49999987976513     
   1.49999987924186     
   1.49999987898093     
   2.16666364669800     
   2.16772554095176     
   2.16684970292853     
   2.16545448801123     
   2.83332729339600     
   2.83652983255265     
   2.83352346575184     
   2.83117792555850     
   3.49999070167540     
   3.50713919975985     
   3.49809624743676     
   3.49946306967992     
