   1.67519483566280     
   1.67519483566280     
   1.67519483566280     
   1.67519483566280     
   1.67519483566280     
   1.67519483566280     
   1.25361070632930     
   1.25361070632930     
   1.25361070632930     
   1.25361070632930     
   1.25361070632930     
   1.25361070632930     
  0.937338209152200     
  0.937338209152200     
  0.937338209152200     
  0.937338209152200     
  0.937338209152200     
  0.937338209152200     
  0.741371250152600     
  0.741371250152600     
  0.741371250152600     
  0.741371250152600     
  0.741371250152600     
  0.741371250152600     
  0.675000047683700     
  0.675000047683700     
  0.675000047683700     
  0.675000047683700     
  0.675000047683700     
  0.675000047683700     
  0.741371250152600     
  0.741371250152600     
  0.741371250152600     
  0.741371250152600     
  0.741371250152600     
  0.741371250152600     
  0.937338209152200     
  0.937338209152200     
  0.937338209152200     
  0.937338209152200     
  0.937338209152200     
  0.937338209152200     
   1.25361070632930     
   1.25361070632930     
   1.25361070632930     
   1.25361070632930     
   1.25361070632930     
   1.25361070632930     
   1.67519459724430     
   1.67519459724430     
   1.67519459724430     
   1.67519459724430     
   1.67519459724430     
   1.67519459724430     
   1.54663621812242     
   1.54663761406156     
   1.54663709263995     
   1.54663709263976     
   1.54663761406143     
   1.54663621812237     
   1.09494129625377     
   1.09494003213308     
   1.09494067337060     
   1.09494067337104     
   1.09494003213227     
   1.09494129625387     
  0.756074924149299     
  0.756073150631337     
  0.756072807191405     
  0.756072807187612     
  0.756073150631279     
  0.756074924148867     
  0.546101159973460     
  0.546197575805411     
  0.546186772876676     
  0.546186772872736     
  0.546197575812771     
  0.546101159977294     
  0.474992104007680     
  0.475064927293264     
  0.475058798294997     
  0.475058798294346     
  0.475064927283779     
  0.474992104011754     
  0.546101204280478     
  0.546191536993456     
  0.546182770764106     
  0.546182770768249     
  0.546191536990725     
  0.546101204282191     
  0.756074874148092     
  0.756074373876792     
  0.756074143443960     
  0.756074143445427     
  0.756074373877118     
  0.756074874148337     
   1.09494122964105     
   1.09493985498431     
   1.09494041471496     
   1.09494041471445     
   1.09493985498420     
   1.09494122964092     
   1.54663629939914     
   1.54663761115017     
   1.54663716028158     
   1.54663716028175     
   1.54663761115032     
   1.54663629939923     
  -2.00000000000000     
  -1.06903646051347     
 -2.851924090169086E-002
  0.982073569524586     
  -2.00000000000000     
  -1.05067215080117     
 -3.703866710397497E-002
  0.977172812269334     
  -2.00000000000000     
  -1.04396975452951     
 -3.015148140305692E-002
  0.969161019991096     
  -2.00000000000000     
  -1.04148444053030     
 -2.835120550216408E-002
  0.969922563600861     
  -2.00000000000000     
  -1.04396975259937     
 -3.015147798608327E-002
  0.969161024603507     
  -2.00000000000000     
  -1.05067214941593     
 -3.703865913664602E-002
  0.977172822605631     
  -2.00000000000000     
  -1.06903645367265     
 -2.851922892305499E-002
  0.982073581942904     
  -2.00000000000000     
  -1.03940388578194     
 -6.065581830290492E-002
  0.932844912967319     
  -2.00000000000000     
  -1.02356792282139     
 -6.924936334819731E-002
  0.921702082812669     
  -2.00000000000000     
  -1.02115288219269     
 -6.234665774383352E-002
  0.912308332558887     
  -2.00000000000000     
  -1.01856110638431     
 -6.170111305316161E-002
  0.915219791789128     
  -2.00000000000000     
  -1.02115287991644     
 -6.234665314690022E-002
  0.912308339560681     
  -2.00000000000000     
  -1.02356792026083     
 -6.924935310222816E-002
  0.921702099103862     
  -2.00000000000000     
  -1.03940387978419     
 -6.065580345878871E-002
  0.932844931401805     
  -2.00000000000000     
  -1.06448228603709     
 -9.720163256041070E-002
  0.868045020642147     
  -2.00000000000000     
  -1.04202958668350     
 -0.104917817939690     
  0.849582648296330     
  -2.00000000000000     
  -1.04406379624933     
 -9.542361431034722E-002
  0.845411609833824     
  -2.00000000000000     
  -1.04090679033620     
 -9.611997112285341E-002
  0.851519303107417     
  -2.00000000000000     
  -1.04406379285092     
 -9.542360717261428E-002
  0.845411618525457     
  -2.00000000000000     
  -1.04202958329314     
 -0.104917803287969     
  0.849582670724458     
  -2.00000000000000     
  -1.06448227922468     
 -9.720161157818183E-002
  0.868045051336590     
  -2.00000000000000     
  -1.09216303775441     
 -0.167244718256064     
  0.757379196358912     
  -2.00000000000000     
  -1.06032513320911     
 -0.173824142314914     
  0.736559121330329     
  -2.00000000000000     
  -1.06682479218001     
 -0.164259611952068     
  0.737114765610656     
  -2.00000000000000     
  -1.06394151948943     
 -0.165983477593483     
  0.744097066006533     
  -2.00000000000000     
  -1.06682479088241     
 -0.164259601330947     
  0.737114792661343     
  -2.00000000000000     
  -1.06032512751987     
 -0.173824122972956     
  0.736559156942672     
  -2.00000000000000     
  -1.09216302812350     
 -0.167244696152483     
  0.757379249592761     
  -2.00000000000000     
  -1.11442727268258     
 -0.248962724155450     
  0.575228904465281     
  -2.00000000000000     
  -1.07420453748885     
 -0.256356955753147     
  0.565540889209480     
  -2.00000000000000     
  -1.08534736567426     
 -0.250532556849636     
  0.565258559067390     
  -2.00000000000000     
  -1.08165752357862     
 -0.255514875238233     
  0.569272641638284     
  -2.00000000000000     
  -1.08534736242319     
 -0.250532547577961     
  0.565258571278235     
  -2.00000000000000     
  -1.07420453805599     
 -0.256356936585294     
  0.565540918782348     
  -2.00000000000000     
  -1.11442727092402     
 -0.248962697820511     
  0.575228958895949     
  -2.00000000000000     
  -1.13168850083485     
 -0.314008704644900     
  0.493863498040368     
  -2.00000000000000     
  -1.08822500337782     
 -0.319745886916613     
  0.494132247132041     
  -2.00000000000000     
  -1.10313822951646     
 -0.318772068932573     
  0.492406620551834     
  -2.00000000000000     
  -1.09755502293437     
 -0.329372479915279     
  0.495226481944923     
  -2.00000000000000     
  -1.10313822875741     
 -0.318772064043906     
  0.492406622774737     
  -2.00000000000000     
  -1.08822500578067     
 -0.319745878558736     
  0.494132254700252     
  -2.00000000000000     
  -1.13168850128728     
 -0.314008689482938     
  0.493863513912607     
  -2.00000000000000     
  -1.13313669726183     
 -0.322718343937895     
  0.488390419193949     
  -2.00000000000000     
  -1.08893524323183     
 -0.328264364941333     
  0.488792677121436     
  -2.00000000000000     
  -1.10437738804654     
 -0.328812982180959     
  0.487266588391339     
  -2.00000000000000     
  -1.09840677238199     
 -0.340528733438880     
  0.490113583854664     
  -2.00000000000000     
  -1.10437739011035     
 -0.328812984521927     
  0.487266587561660     
  -2.00000000000000     
  -1.08893525861613     
 -0.328264377348813     
  0.488792676087265     
  -2.00000000000000     
  -1.13313671608987     
 -0.322718356604615     
  0.488390411973579     
  -2.00000000000000     
  -1.11611244511450     
 -0.266112211500248     
  0.545452774822019     
  -2.00000000000000     
  -1.07333969281607     
 -0.274042238792361     
  0.539686784411234     
  -2.00000000000000     
  -1.08626788923419     
 -0.270579113864989     
  0.541898575651448     
  -2.00000000000000     
  -1.08221909192095     
 -0.276854199910582     
  0.546085995833790     
  -2.00000000000000     
  -1.08626789305554     
 -0.270579135246027     
  0.541898553302399     
  -2.00000000000000     
  -1.07333969964347     
 -0.274042273634653     
  0.539686729697418     
  -2.00000000000000     
  -1.11611245308619     
 -0.266112249394963     
  0.545452707515391     
  -2.00000000000000     
  -1.09497052146263     
 -0.173701723689233     
  0.735748888699135     
  -2.00000000000000     
  -1.05887868901288     
 -0.180433773999758     
  0.716945349752229     
  -2.00000000000000     
  -1.06735149233596     
 -0.171104187634554     
  0.721594078729486     
  -2.00000000000000     
  -1.06472243222026     
 -0.172955274349606     
  0.729494475334174     
  -2.00000000000000     
  -1.06735149315089     
 -0.171104212269960     
  0.721594019163689     
  -2.00000000000000     
  -1.05887870213892     
 -0.180433813745328     
  0.716945268371059     
  -2.00000000000000     
  -1.09497053846361     
 -0.173701764034567     
  0.735748788312317     
  -2.00000000000000     
  -1.06534953339324     
 -8.540771116151277E-002
  0.883081656640479     
  -2.00000000000000     
  -1.03764999096165     
 -9.303242093576404E-002
  0.862098806265749     
  -2.00000000000000     
  -1.04104908624705     
 -8.203472015291542E-002
  0.861172646947793     
  -2.00000000000000     
  -1.03839227376484     
 -8.226796333972629E-002
  0.868747374088379     
  -2.00000000000000     
  -1.04104909234135     
 -8.203473768475172E-002
  0.861172626491160     
  -2.00000000000000     
  -1.03765000345504     
 -9.303244981854121E-002
  0.862098770435730     
  -2.00000000000000     
  -1.06534954776725     
 -8.540774629464309E-002
  0.883081605972272     
  -2.00000000000000     
  -1.03332389937700     
 -2.641076586672314E-002
  0.959244412673155     
  -2.00000000000000     
  -1.01349732219097     
 -3.492884999820191E-002
  0.939336832214948     
  -2.00000000000000     
  -1.01393587252767     
 -2.622575486231353E-002
  0.931864468441884     
  -2.00000000000000     
  -1.01139502843680     
 -2.593712151001488E-002
  0.936415126206569     
  -2.00000000000000     
  -1.01393587742909     
 -2.622576371684193E-002
  0.931864457052564     
  -2.00000000000000     
  -1.01349733287348     
 -3.492886538265481E-002
  0.939336814532892     
  -2.00000000000000     
  -1.03332391207680     
 -2.641078459899274E-002
  0.959244388408903     
  -2.00000000000000     
  -1.01144404260417     
  6.690619488632632E-003
   1.00116466448034     
  -2.00000000000000     
 -0.998765462936279     
 -1.461683653077557E-003
  0.984205061249264     
  -2.00000000000000     
 -0.998606687111199     
  3.714659421590205E-003
  0.975048870299089     
  -2.00000000000000     
 -0.996610916596866     
  3.907332788572091E-003
  0.976583835114311     
  -2.00000000000000     
 -0.998606689245155     
  3.714654478620209E-003
  0.975048864486534     
  -2.00000000000000     
 -0.998765468598340     
 -1.461691687122593E-003
  0.984205054454125     
  -2.00000000000000     
  -1.01144404966972     
  6.690609585409701E-003
   1.00116465261918     
  -2.00000000000000     
 -0.999525803563452     
  2.247469621834137E-002
   1.02192360376954     
  -2.00000000000000     
 -0.992118687716174     
  1.557554548414079E-002
   1.00816432875983     
  -2.00000000000000     
 -0.992284134258071     
  1.791174443441603E-002
  0.999832346971788     
  -2.00000000000000     
 -0.990961032881012     
  1.774260040942739E-002
  0.999848703655224     
  -2.00000000000000     
 -0.992284135178462     
  1.791174254951236E-002
  0.999832344438126     
  -2.00000000000000     
 -0.992118690755877     
  1.557554227752769E-002
   1.00816432698092     
  -2.00000000000000     
 -0.999525807061580     
  2.247469202416442E-002
   1.02192359882758     
  -2.00000000000000     
 -0.994159547850415     
  2.735993524450672E-002
   1.02970065571142     
  -2.00000000000000     
 -0.990064493785885     
  2.187931025881780E-002
   1.01921387228068     
  -2.00000000000000     
 -0.990522907058146     
  2.236468955656998E-002
   1.01254690938352     
  -2.00000000000000     
 -0.989806928273143     
  2.197624915998777E-002
   1.01190093353676     
  -2.00000000000000     
 -0.990522907454815     
  2.236468860801328E-002
   1.01254690976813     
  -2.00000000000000     
 -0.990064495454329     
  2.187931066051986E-002
   1.01921387626013     
  -2.00000000000000     
 -0.994159549447622     
  2.735993481597260E-002
   1.02970065497618     
  -2.00000000000000     
 -0.992593282803925     
  2.612273908837838E-002
   1.02974335158701     
  -2.00000000000000     
 -0.990476719235224     
  2.200884315105385E-002
   1.02213023673281     
  -2.00000000000000     
 -0.991065813554491     
  2.153176894388967E-002
   1.01716183159310     
  -2.00000000000000     
 -0.990739180469613     
  2.104952211305797E-002
   1.01634843062855     
  -2.00000000000000     
 -0.991065813497580     
  2.153176920578049E-002
   1.01716183296821     
  -2.00000000000000     
 -0.990476719757815     
  2.200884493803049E-002
   1.02213024082423     
  -2.00000000000000     
 -0.992593283250426     
  2.612273974894900E-002
   1.02974335280136     
  -2.00000000000000     
 -0.993039665911602     
  2.185074352207451E-002
   1.02559557287188     
  -2.00000000000000     
 -0.992025583098671     
  1.886535484901498E-002
   1.02027081788485     
  -2.00000000000000     
 -0.992623203148385     
  1.803452832424488E-002
   1.01675500050871     
  -2.00000000000000     
 -0.992511803216604     
  1.756611321938988E-002
   1.01600856291661     
  -2.00000000000000     
 -0.992623203006447     
  1.803452870174922E-002
   1.01675500073502     
  -2.00000000000000     
 -0.992025582924798     
  1.886535584314709E-002
   1.02027081930130     
  -2.00000000000000     
 -0.993039665673234     
  2.185074435732485E-002
   1.02559557381001     
  -2.00000000000000     
 -0.994519327489064     
  1.634704613633929E-002
   1.01934578813735     
  -2.00000000000000     
 -0.994057902259124     
  1.416980081865401E-002
   1.01567904977829     
  -2.00000000000000     
 -0.994596483694938     
  1.333859911087864E-002
   1.01329488949344     
  -2.00000000000000     
 -0.994584920930292     
  1.295014498251816E-002
   1.01270719723527     
  -2.00000000000000     
 -0.994596483509084     
  1.333859949551013E-002
   1.01329488995225     
  -2.00000000000000     
 -0.994057901958459     
  1.416980195458857E-002
   1.01567905129169     
  -2.00000000000000     
 -0.994519327029301     
  1.634704723596440E-002
   1.01934578951900     
  -2.00000000000000     
 -0.996450123516948     
  1.027607848699336E-002
   1.01215333834414     
  -2.00000000000000     
 -0.996257143830258     
  8.598906344908501E-003
   1.00960463266362     
  -2.00000000000000     
 -0.996707320361271     
  7.953950454424420E-003
   1.00799884428828     
  -2.00000000000000     
 -0.996697349914206     
  7.659150359807393E-003
   1.00759181673896     
  -2.00000000000000     
 -0.996707320262961     
  7.953950820469662E-003
   1.00799884447591     
  -2.00000000000000     
 -0.996257143748353     
  8.598906785955089E-003
   1.00960463279819     
  -2.00000000000000     
 -0.996450123077363     
  1.027607976641764E-002
   1.01215333951522     
  -2.00000000000000     
 -0.998984571752619     
  3.868764936515110E-003
   1.00416003664033     
  -2.00000000000000     
 -0.998888890966453     
  2.416562091543471E-003
   1.00233838602990     
  -2.00000000000000     
 -0.999174489662001     
  2.033110424417383E-003
   1.00115827220136     
  -2.00000000000000     
 -0.999107282611914     
  1.810533095843327E-003
   1.00093813976640     
  -2.00000000000000     
 -0.999174489510781     
  2.033110686919980E-003
   1.00115827277382     
  -2.00000000000000     
 -0.998888884854442     
  2.416578143162914E-003
   1.00233839537489     
  -2.00000000000000     
 -0.998984571033062     
  3.868766194082206E-003
   1.00416003799530     
  -2.00000000000000     
  -1.00222532074205     
 -3.949768561238493E-003
  0.996289344462890     
  -2.00000000000000     
  -1.00200486278625     
 -5.562627990347091E-003
  0.995469212719376     
  -2.00000000000000     
  -1.00190317552427     
 -5.760550939774790E-003
  0.994468215206052     
  -2.00000000000000     
  -1.00183531531604     
 -5.870550099422078E-003
  0.994431015727408     
  -2.00000000000000     
  -1.00190317542155     
 -5.760550827231220E-003
  0.994468215505697     
  -2.00000000000000     
  -1.00200486252422     
 -5.562626984347577E-003
  0.995469213469863     
  -2.00000000000000     
  -1.00222531997807     
 -3.949767946759266E-003
  0.996289345448140     
  -2.00000000000000     
  -1.01070433009975     
 -1.222275507503404E-002
  0.987786126983801     
  -2.00000000000000     
  -1.01029968963138     
 -1.376674446006472E-002
  0.987533320472720     
  -2.00000000000000     
  -1.00992227638687     
 -1.366379878229457E-002
  0.986853359573080     
  -2.00000000000000     
  -1.00985845087730     
 -1.366791087150011E-002
  0.986993518181643     
  -2.00000000000000     
  -1.00992227643412     
 -1.366379872468627E-002
  0.986853359711080     
  -2.00000000000000     
  -1.01029968977459     
 -1.376674402717864E-002
  0.987533321091922     
  -2.00000000000000     
  -1.01070432983165     
 -1.222275410636044E-002
  0.987786127587120     
